5511
2616
8767
3748
8765
7744
6256
9925
246
80
3300
6306
987
4773
1218
842
5339
6941
7817
9986
1938
8772
3740
8184
9737
9524
488
9772
3621
8515
1890
5485
1131
657
5585
6248
8402
1841
2525
5000
1921
5826
1306
9260
599
2524
6455
5938
5818
4272
2276
7756
9396
2368
2292
9133
1892
2780
5257
1866
7648
3499
3703
5131
4157
5640
1380
8911
7482
3905
263
5755
9731
1569
1368
330
446
7823
2620
2616
2095
1248
372
7843
3616
9016
6976
1861
1796
8585
3727
5796
2085
3782
928
2594
9422
2308
7857
3256
2565
8120
5364
2297
6041
6732
8979
6487
4555
7952
5455
3002
9200
5827
845
9169
1195
4173
1030
9344
2758
1109
5140
1195
4891
2420
3789
665
1080
1646
3922
3646
6118
9286
5943
2160
6018
1274
4999
6925
9226
455
6279
4779
2634
3476
3948
3830
7649
4978
3174
6759
2439
4666
4307
7330
7087
8096
7995
8167
6095
8269
8165
2213
3907
4108
725
6277
1735
5725
3202
7313
6180
5833
2092
5166
9309
2392
5348
6958
3722
4874
70
6161
9541
4377
3491
2980
8825
7839
7499
4920
2460
5665
3486
6368
6125
4211
2645
7860
9936
2200
1526
2468
8033
9970
7635
7343
2363
9335
653
6085
4210
723
2247
3751
1452
2090
3083
278
6281
582
5198
5094
6247
5036
7814
8725
9248
459
6585
5536
9011
4463
8005
3397
4434
1992
740
6797
1327
7745
9234
5537
4821
7833
5640
6273
6276
8723
6551
8909
5658
8102
4003
8257
3138
1817
6982
2386
8629
9920
7923
7640
4383
2280
7389
5169
624
8129
1966
1951
2227
7553
3841
7048
1738
9481
3321
8014
4557
9873
3276
6567
4327
7279
4824
7465
5449
1807
6204
430
1727
479
4422
2462
2759
1812
7632
3383
9941
5950
1686
8520
9855
5527
5568
1594
1361
8890
5960
5918
5115
9236
8837
9442
2868
3661
3259
8317
5468
9463
5099
3547
9942
9521
2362
2701
1333
6346
2436
1275
2296
4123
6147
8504
6002
1716
98
7363
6958
6058
9633
2073
1647
8470
7867
4515
2132
1126
9184
3952
590
4283
3852
532
3804
2566
9586
5138
8912
2022
2765
7560
2497
8912
6064
8500
6980
6162
5863
3938
8573
1849
2363
6572
319
230
1087
8803
1357
6623
2756
8299
7258
2960
5183
7414
5526
1121
8904
4438
9496
8021
1998
1993
6934
8063
6845
266
577
9061
4205
5502
910
6568
2074
1229
3151
9513
6385
860
6136
9141
9159
9746
8453
694
7161
3979
1816
6065
4769
1312
4087
3119
9657
7373
7534
6503
3991
8112
1916
8196
9966
2826
1117
2041
407
4268
1554
6792
5128
4043
2285
639
3789
738
1333
7302
1069
9501
9720
5838
7165
3807
5310
3175
7532
2844
6030
1523
7308
7946
6072
7275
772
7189
9316
1179
1457
7222
4324
2937
1265
6609
3576
1407
7348
1261
5061
4769
7115
4781
6960
632
4940
2270
3807
8824
1466
9837
348
8775
4135
2772
6050
4907
9961
1718
2439
7770
8940
6763
7059
6558
9724
6987
4317
3424
4600
9378
8194
1715
4160
5154
2348
5452
3776
6155
4277
5242
2345
4625
4017
6480
7397
6419
7740
3710
8137
6531
7832
3430
9646
4891
9988
9370
1878
4305
2795
6478
35
7341
8194
547
2495
6894
6000
2623
9401
277
7865
1746
1254
8235
4579
5003
4654
2319
8713
9144
8850
2897
2574
8496
7788
2562
4218
9666
3219
7013
2496
9606
706
7042
154
9553
3936
6154
2176
9690
2783
42
1436
4037
4629
2367
5392
9283
4686
457
8427
9888
3354
7353
4736
1142
9915
8955
7160
9486
2320
6008
9093
3027
3051
5599
2580
3339
8105
4757
3029
888
1151
818
1277
2132
3185
6669
1415
4224
7126
6195
4112
6832
3548
8849
7974
9816
4156
1486
5654
6476
3846
1099
9503
6897
6698
8436
6589
4803
9545
5970
2043
696
6788
3320
2828
6326
9989
595
550
3467
3142
1014
299
3043
6215
4625
9211
371
2463
1217
6848
6310
2317
2703
9559
5367
1139
6148
171
684
2119
2214
7732
5259
5535
6912
7937
1876
3860
8487
1696
7002
5854
1995
6397
2069
6621
5608
2441
9084
3178
9289
5394
5495
8344
4954
862
9484
7454
7385
6520
5925
5952
4253
7537
7839
1165
5474
9715
1377
314
1411
8380
6168
9759
1129
8237
6380
3090
7030
1816
6268
2671
3563
1763
1016
4869
8977
500
2323
6363
7020
8249
2315
7625
5786
154
5143
7612
6221
6520
7926
3985
1252
446
3744
2382
5036
6476
1824
2066
8292
8092
4738
1855
6207
5754
6724
5184
2606
5400
7899
5978
1
6566
9956
2139
3072
5099
9751
9294
7971
4030
3279
9224
4476
3375
7958
5864
9851
9782
7931
8143
7874
9021
6351
433
1127
9427
1969
85
4827
9869
6063
1180
2787
2371
3319
5860
3822
3071
1506
1794
3453
1137
1018
7929
4512
8976
146
4363
8758
8077
8858
2984
3450
1561
3417
4577
7341
5386
4662
8520
1607
7077
9701
747
5801
3020
6607
9623
2443
8113
1417
5896
5602
2435
178
114
7763
324
829
2873
4753
6039
2209
8203
3953
1978
9132
1294
3717
146
6166
1676
3575
5867
2423
9376
5240
9030
9000
7683
3495
6769
3580
5449
5557
110
5563
3320
434
2744
2546
5187
5136
4755
9742
9089
3086
8874
6735
6803
9020
2901
8479
8947
5121
903
8324
361
6285
3676
8044
6133
445
7976
1582
6002
8086
3498
5675
4872
6242
8221
6411
1378
9328
2505
6819
2414
1379
9906
9217
6751
9160
4049
5699
4281
4952
375
4642
7589
4051
9038
3722
4496
3367
5305
6851
7805
8803
2526
2678
1397
747
5441
9128
6427
7947
5947
8842
5678
2206
4411
8782
1366
4812
4481
5647
6116
1208
6641
3706
5259
2031
7428
6107
5398
9085
2958
3204
4240
1836
2234
5638
2583
7675
1118
5363
1974
3417
557
7653
5623
4968
6435
6989
6133
7268
8988
2249
8476
5629
5955
87
7661
9736
2546
9411
5173
1857
8967
9414
3693
1201
1404
6277
5229
2522
7992
3555
2291
8549
1208
7915
9869
3995
4904
6002
7615
3893
8252
6091
5874
4207
2530
9887
295
5077
9299
5469
6934
8266
1235
627
5820
2639
3256
7401
1513
1248
956
156
9797
2165
8071
6019
2512
9328
2021
128
3221
273
2571
5447
833
5102
5335
1128
6531
986
2949
9817
5604
4184
444
7776
3175
53
5177
1040
7653
6134
1197
3803
4651
9268
9822
7163
8596
1843
3643
8169
8469
6215
9969
5654
7669
1656
6782
4200
2642
6084
4017
4598
268
813
2375
3444
7218
7552
836
4872
3686
2033
5027
4689
7654
4849
1853
6250
3044
1848
772
7865
8063
741
3519
5732
2397
6654
6284
1391
2738
301
2341
3006
7467
4716
2802
1037
8621
3639
5909
8659
2024
7288
3349
9678
2137
1554
2281
1534
3402
3053
9399
1466
146
2919
3550
8895
5925
9835
6638
8663
6488
8979
8021
3955
48
7176
4993
8669
7167
7254
3680
9191
4543
7029
8870
3032
4935
7503
4566
8338
6908
318
6156
7054
9589
6058
2301
5514
5893
8939
529
2382
4270
8550
2689
4318
2078
4034
9339
9245
7641
3020
8437
8536
6401
3659
1568
1337
1162
2487
6027
4422
9157
8535
7828
5098
4593
129
612
6839
5420
7493
5573
6042
2395
8262
6713
4474
8649
6052
3719
2642
5424
8508
1178
8178
2167
9098
9515
9681
7937
1894
4103
7094
429
8283
2192
1374
8412
9156
8213
184
3001
3786
6227
5397
8401
2940
9871
7050
5344
9942
9692
7121
8451
7222
5299
6970
6320
1166
3004
4258
3060
3459
7704
9841
1743
6249
7567
6507
5405
5781
6692
4759
5919
9271
156
4320
8563
6379
7722
259
6321
3766
7380
1124
988
9031
8095
3661
6549
7451
4271
5961
910
1975
5802
2653
8224
3370
5513
9982
5503
8557
4741
1422
7828
1249
2095
2743
7628
9817
3002
301
3584
6735
1426
924
2118
5873
4585
8668
3324
8856
4629
4234
7184
6784
3240
5408
6506
5105
1742
2009
3662
2835
9783
1490
4084
1878
585
1712
1696
9939
2014
1632
6674
9792
2556
5145
5665
3494
3813
5341
8702
4794
5927
5886
1578
5519
7647
8084
624
9389
6445
4286
2225
6229
2128
2661
4459
2713
726
6155
2653
9092
4139
5679
8884
3048
824
901
6542
989
6242
5244
5784
2169
7483
3714
4041
5130
8151
4665
4519
4596
8952
3096
7177
1080
2110
1637
146
2836
4144
2799
1928
8284
8478
812
7684
5655
8065
4226
2996
4307
5822
5132
2828
3305
8847
6869
4787
3350
1535
5659
7946
6839
8755
1476
4271
865
9465
4417
53
3609
3568
1981
8245
8399
9145
5929
406
7210
6507
3402
1517
2330
8535
698
1987
7382
7567
6775
732
5454
2434
5030
8645
7541
2858
2917
4759
2323
3686
4812
2285
7255
3146
530
2006
2291
2812
2412
9502
9319
5814
7371
8001
4349
8069
6341
8083
1989
9468
5167
3795
8254
6550
2441
5795
9408
1710
6906
8084
1748
8071
369
9003
1217
7251
7361
9860
6415
9773
5714
2087
5588
3086
6440
6289
7507
2781
4373
5848
8601
5892
9644
6855
2442
8437
9003
8203
6499
2261
6287
8247
332
3008
3603
7901
6611
964
7762
3027
7090
3476
5114
2678
2914
1554
5319
422
688
6044
2622
9289
1937
8618
2497
731
3407
1500
5286
9906
113
7925
4506
446
933
8109
8347
7545
5425
2461
6924
2515
2290
2038
1545
5204
9944
6865
1978
632
9261
4601
6274
7550
3219
5123
8282
6627
6623
9920
6533
6736
7846
7391
3534
5131
1852
8234
9028
7278
695
5952
6145
2985
4342
4043
4542
4287
7260
6520
1271
6521
1121
3897
4072
4341
9020
8706
7320
1995
8626
3853
5084
6472
7597
4970
7956
9449
3204
6984
6727
252
9289
9225
9589
3631
3268
4131
4270
528
652
1894
3401
1773
2143
7473
2466
1164
6179
9786
9511
1158
9992
4595
3982
7589
9566
1938
7038
9122
8923
118
9374
8212
9343
8964
8195
8963
3095
2466
9491
99
4360
9244
1873
2855
6718
691
4019
9249
478
9883
407
470
4478
4390
4411
396
2680
1449
9519
1603
1567
5245
6167
7262
561
4363
6225
3657
6829
2068
108
7541
1313
1981
396
4383
9025
768
9984
9503
651
6744
6325
1481
7486
736
8230
166
8537
7749
8122
6457
9346
4289
3719
9908
8652
6297
9917
1833
4717
25
5726
2382
8359
6123
3117
7384
3243
3102
6887
246
9846
9564
1727
3684
300
9957
3850
5189
4058
1972
1646
9757
6262
1718
9665
1266
4367
9582
3100
9084
9607
8826
1467
4318
1301
4584
1702
896
4038
4941
1142
236
4505
9222
3920
1157
9179
4123
2699
9590
2447
4345
9347
5061
2415
9012
6328
6782
4946
5780
5867
905
958
3686
5224
8612
4622
3278
9508
8661
8220
651
5249
9077
6225
9170
6587
5404
9645
9286
1346
2092
9983
693
7154
2399
6057
3482
9181
7355
9262
1400
8261
6572
1438
9837
5184
2413
3115
4693
7426
7687
1696
2675
6765
7921
8197
3352
9677
7842
8990
1024
9935
8973
8069
7089
1372
479
6923
6906
7834
2537
4658
6095
9109
6097
5932
4294
8510
5400
5339
5936
3087
3387
4963
6204
7660
3161
5908
7337
1003
4898
4713
938
3872
9135
4379
1596
9614
1302
8502
7448
3839
9513
9896
9301
5610
2180
9947
472
7580
5286
2760
7020
5025
7723
3224
2685
7236
9133
6374
8240
4031
1088
5530
4255
6575
9910
5852
6189
7564
706
9989
7756
219
9885
7057
2181
2066
3356
9005
5998
8642
1765
3018
19
5841
6243
2704
3077
1728
9078
7669
5759
6518
9552
6367
9445
5814
2219
5634
3378
9277
1976
7486
5849
1861
895
8030
279
4251
7036
2630
9245
5153
5648
9264
7346
8243
1968
6776
9971
7399
797
2083
269
349
8450
9715
6163
7021
1701
9542
6298
3677
3380
2147
1891
4276
6530
2170
8527
9918
1152
7773
1423
6801
3389
8770
5044
1710
1898
1368
9109
2695
3451
5730
3045
8253
5445
5560
5274
7147
5102
7924
7176
4835
72
9067
9111
2954
7590
7638
9224
8742
1763
647
5543
5153
5769
6940
6863
7667
4660
2324
6715
8111
8054
6112
2716
3500
1672
7990
6999
3127
5914
4175
7962
2338
3243
7073
5292
833
1063
4516
5927
2827
1516
1471
7980
7285
4763
1195
1305
5775
3519
8020
238
7925
484
2954
1425
2156
944
4776
5283
6858
8952
9597
5549
8547
6670
7193
5732
7734
8062
1659
6913
9578
9482
1245
3215
597
2440
4520
6372
2311
8892
6610
236
9376
9564
8014
1533
508
2790
3168
3719
8094
9118
5620
6641
5788
2813
8725
9874
875
385
3139
6805
6219
4384
21
6817
3176
4541
3189
5487
9786
6152
2076
9162
5716
6442
7047
2577
9232
6568
2648
3679
5686
8268
320
7826
1081
5398
4053
1957
5783
7192
8762
2002
7929
5135
5171
1105
9677
4713
2945
9463
865
1373
4977
6581
7815
8377
9158
7047
4945
8158
726
6983
6426
7399
4809
7508
9149
8862
5817
4932
2407
931
3286
336
6067
4810
1441
2096
9523
738
7911
388
2111
2888
3321
9926
7617
8832
3326
2562
6990
404
9545
3417
4155
707
925
3304
5921
3094
4588
8328
4025
7875
8664
92
9037
6458
8540
8560
3548
6451
8948
5660
9340
2269
1938
3309
1101
5264
5872
4444
2021
1769
7861
6176
8828
5138
9481
4750
8232
421
9430
8609
4648
4447
5054
3685
7257
3594
2245
805
46
7545
2817
5738
6167
4756
9047
7268
6372
1271
8064
8393
9393
5925
922
8221
1063
6755
9323
5647
7176
8754
4257
1825
9553
9311
5510
6810
2905
4108
7615
9303
1653
433
5041
7820
1541
4089
1441
7913
5360
9505
2659
1105
5431
9933
9327
2846
6688
8650
4846
3864
3756
9103
2041
3309
4766
3904
119
7671
8012
4087
3327
9665
872
8368
3838
2413
8809
5279
6678
522
4784
5689
1627
6567
5622
954
5766
2310
5957
612
2527
9713
9715
920
9375
833
4824
5846
4856
2836
9933
8183
8854
805
6552
2692
9570
5361
7971
2601
2235
9107
8290
3863
2027
3913
4817
7793
2575
7126
4757
1454
3192
824
2375
2567
1657
7199
8413
6513
6388
4699
4697
5242
5504
7601
4286
1427
9314
8609
4028
1550
7716
8670
5413
6095
2583
6582
240
1511
3709
4997
2965
3253
5821
5340
5820
3830
2540
585
344
5280
5284
1393
522
7141
8994
1160
8568
4660
9769
8948
6210
3837
7618
7975
9933
6554
4558
173
8065
4619
1523
1030
7872
3696
6371
3692
7527
5263
629
4223
543
5914
5616
7417
9407
962
8577
7975
1974
4698
3275
8185
8535
893
6160
8468
7447
7070
4994
1864
1689
2869
2895
9561
6565
5618
9605
444
7233
235
4667
4128
2501
6635
7897
1908
3949
6474
6235
5924
7524
9510
461
6059
6755
2973
880
555
44
2226
2419
8085
5095
1666
7647
8012
7284
3604
8457
4517
3839
9476
4997
2692
2464
2894
4600
2765
5720
7187
5041
3244
6697
5502
9304
9805
4828
184
360
1224
2410
9131
9309
3857
798
3308
1869
8082
6913
6678
8952
7104
6155
3949
9797
8619
6844
749
1384
2564
7937
6426
2161
986
8280
1465
7143
9460
8001
7503
684
6763
6635
9994
620
7433
3302
8841
1867
215
5520
819
3672
1675
1121
3469
6646
7965
570
4382
6881
4859
7160
9042
5846
1793
6859
2989
1253
4860
6845
1938
7975
9832
1932
8595
7265
1586
7437
5484
8154
9309
6304
1826
984
3777
1647
3982
8094
2217
4716
4975
7077
1877
370
9275
22
7229
8616
1275
8442
5461
9565
6417
5293
1497
1365
8910
9436
8802
4395
7590
8111
7051
9416
5447
828
1063
5781
8922
9632
497
249
3061
8726
619
2336
8748
4201
7305
6376
2643
2766
5941
5412
4412
3791
6777
9674
3227
1931
421
7169
6394
7472
2937
8193
4652
4000
3974
9926
9984
824
176
3046
9550
7147
1734
4651
1348
9039
7379
343
8158
3320
5756
2570
3463
8885
2244
6690
817
2666
211
3563
6490
3148
1757
1143
3500
2083
1069
3485
2907
7597
2883
8810
4745
4617
9813
2445
3657
7192
2789
1815
6864
4897
737
328
3782
9333
3370
951
8351
3582
867
4842
6730
2624
2337
231
4707
9758
68
3967
7356
2951
9129
8453
7568
5294
898
7577
2486
39
9392
9350
4936
6481
6030
5071
5815
9401
2374
4166
2983
3241
5360
6065
5865
7697
6296
6925
3808
6364
7244
1164
5667
2725
9617
3236
8019
6867
813
505
6907
6558
6207
1843
3039
2238
3266
5206
7991
5641
9373
974
5234
4733
7039
7452
8783
9688
4377
2591
2404
7973
107
8072
698
6076
7660
8717
2943
4825
5574
9850
1383
8133
8046
775
6723
1312
5981
4714
3305
1706
2040
8540
2792
9080
5992
1575
5120
6721
518
3876
1046
625
1948
8096
6701
5960
6813
9644
786
8739
5847
8521
6872
245
9296
9948
7909
1630
4662
1215
9688
6703
6107
2480
2135
8451
407
3607
5172
925
7483
2570
7902
5784
666
4603
1744
3831
600
2530
2570
2799
1052
5794
3044
6700
5742
953
4682
6757
8520
4371
3460
4627
3203
1947
9430
9963
5554
4602
7240
3037
3524
5143
8821
4190
6098
566
8021
3050
9448
6943
5849
500
2738
5245
3553
4832
2551
8235
1589
1071
8958
1401
2051
8514
3348
1481
8477
5254
2436
5717
8292
5960
7212
3465
151
3311
383
4524
2713
9832
1468
4915
6684
558
160
6589
5390
2711
4825
3332
135
135
1085
2186
5001
786
19
3478
6040
2455
5548
684
4768
2760
4150
1271
2423
885
5795
5137
717
3615
6404
3754
4173
6564
343
5916
5628
1520
5600
5763
1656
6685
4301
6657
7471
672
6488
9864
3128
2036
548
4248
1148
1050
5519
3572
1936
7666
5061
9005
1282
1465
2759
1807
4381
9455
7723
9
975
3323
2124
8983
6361
2777
1993
3832
3450
8481
48
2930
6869
6949
3530
8017
7999
9049
7941
6287
3067
9354
1645
701
7171
4404
2509
1553
211
6584
7914
1187
6260
6391
170
2621
5520
2163
2805
8970
6996
2854
8252
217
9803
1782
8235
4154
7183
2528
6794
251
8235
8439
7304
5406
9195
6165
6959
9407
2750
1226
594
5362
7617
7116
7983
3137
5632
7140
8460
2628
9994
6712
2846
6149
8495
7433
6656
2030
6313
3450
8633
4548
1889
5938
6307
1084
8455
3266
6843
1205
4492
7437
2919
8461
906
902
1599
6538
8043
59
5518
4389
3123
4716
6891
7970
8501
3547
1
4815
6997
8634
5715
5238
924
2022
2674
9380
1641
9518
6937
2485
3307
9857
947
4213
7111
2546
7103
1506
8957
2622
5896
2080
7338
9139
51
5840
2686
6404
7007
9683
1390
9074
1273
2315
1097
3947
8047
9090
3465
4984
1575
6773
1193
2522
986
8305
5068
8090
6163
377
7064
8411
2458
754
7550
8861
6594
236
1617
9953
6271
3007
9028
7544
1674
6477
1492
9721
5567
1309
1058
7142
8082
8603
9665
5421
3260
1085
9863
9424
7815
6927
7835
273
7681
5386
5486
628
5622
7103
6933
8246
6462
5961
5790
8137
8790
3634
4210
4357
4944
5268
1500
9378
3872
7517
4799
7132
4954
1014
2908
2769
4293
744
9394
8327
6130
4880
5307
8104
8335
2240
6350
1150
4554
8493
9287
3344
2127
9849
7702
7071
5118
5554
6450
5342
3071
7601
8826
8025
8616
1735
795
9261
8831
189
7588
4961
1422
2895
9417
6109
5136
5768
7259
9690
4261
2898
9386
2740
2748
7088
6164
7866
2642
8966
9560
5713
6567
4738
91
1535
6473
886
7149
5304
7427
4737
6617
8849
3985
6035
1311
5473
8155
8570
1515
8768
1469
901
1508
4217
7990
7672
8435
632
6638
7995
2698
9558
2733
9141
7445
5559
6379
4594
7215
3806
5684
3833
9008
9669
6220
319
5142
4375
5241
6657
3143
6710
7558
4651
927
1900
8676
5714
8885
1666
3709
7935
1224
2795
7076
5022
4706
3455
9616
1921
3613
5300
5754
8973
4969
8326
5644
6463
2701
886
9472
5844
7596
7031
6848
4876
5283
5524
590
4168
7190
652
2103
4767
9799
5531
9789
4505
5338
9405
6426
5304
1058
8533
4277
2379
6859
9922
8843
9561
7160
8315
1757
4756
1698
4957
5984
3334
481
2927
7502
4024
3579
5958
5143
3378
1489
4932
4235
6828
689
661
8484
8099
5546
2761
479
2406
9035
5674
8319
6195
341
6428
7304
8392
1386
3288
1726
1867
6215
9228
2243
6146
1538
7386
9524
3028
8670
111
6208
9360
773
4692
3811
2671
3805
4290
5077
2841
9964
9748
9036
6658
6177
2692
5050
7563
5981
6776
5782
8548
2356
8026
4695
3895
1764
571
6923
6787
683
9483
2499
7808
527
6310
479
4332
601
1909
7173
6917
1657
2562
3575
7834
5254
4977
5397
7587
1753
7532
6136
462
1910
831
4357
3674
1402
7632
461
8437
7115
9312
6245
3994
5623
6725
8326
6224
4986
1852
9493
6643
766
9421
4478
6020
4398
6227
9960
2504
3759
6096
2966
5669
3279
3675
5696
1033
1307
2509
9471
4774
1822
2068
8768
7445
5145
7094
21
131
5298
5866
6775
6064
5287
7605
8437
6038
3832
8397
4894
3944
845
7860
9613
4124
7887
1661
1509
9194
4171
980
3968
2345
3049
9088
6142
8194
2534
6163
4678
7833
8381
1453
3897
3669
9058
8686
6059
9242
7083
953
3186
4280
5165
9152
8404
3052
7165
9914
8598
7688
7246
8918
33
6647
8006
6175
1194
540
8690
5872
8373
7072
7325
8623
7093
2735
7309
9504
1977
745
457
1516
5025
1974
668
3430
1378
4185
9696
9976
1874
3294
8894
1907
9942
3252
4435
1136
3792
3125
7008
8518
6549
685
7141
9994
3420
802
9498
1749
1547
6307
3265
6573
4633
285
6355
6011
4471
2403
2339
6345
5697
1233
4604
5639
837
9039
6775
4630
8517
135
3148
5066
820
6641
1413
592
3795
7263
2342
5343
3571
5607
8268
4556
2245
975
568
3068
3378
9259
9413
9075
6845
4017
1067
7682
9409
7842
2312
7926
4330
1812
9344
5150
4805
757
5743
8601
8021
4437
296
7944
6396
8564
8852
8641
9539
9420
1709
2917
8680
7474
8344
1877
7844
9411
9559
7253
3606
8224
5179
7936
36
875
9438
1194
1633
1533
9795
6006
5970
91
302
8719
5007
9154
7360
4546
4927
5422
3815
9959
9248
8511
1836
7092
7923
1395
697
7881
9619
5876
2169
6008
3104
7959
7202
4737
5845
3349
7095
1815
9792
3749
6886
4799
9255
599
5697
4182
6021
5864
493
1621
4375
8681
8714
8650
6429
5763
2883
2400
1640
5052
8408
4744
3012
1962
5833
5209
1663
9280
3376
7807
3029
263
8958
2284
862
1007
2819
3235
6871
9664
4856
7599
8346
9922
6249
4775
5686
9133
7175
3678
537
1936
4774
9901
250
6959
5110
8266
6239
8487
6073
5620
8750
5032
4256
9612
6039
7075
2847
9263
3092
4055
6862
1438
3978
9463
2565
9664
8596
6092
9694
5486
8028
4468
5387
4631
1427
498
2897
7666
5337
5322
9638
4087
6706
3894
51
9098
7322
9250
8361
414
3305
1575
8204
3635
1038
769
9651
5987
6861
9345
1473
1242
3813
3212
5873
5240
3710
5122
9258
9047
444
8896
9486
7151
9143
9537
6249
6465
8787
962
6879
8445
2537
5083
2080
9927
2204
1732
5914
9065
1077
3739
307
1243
6952
2532
6483
7014
4006
2094
6062
4451
7342
1900
7954
6485
1438
555
9302
6577
1517
2533
5022
406
7616
3455
6685
6172
5187
2600
5238
2616
2691
1897
3859
9643
782
6695
6658
4788
8789
9072
5591
2483
972
3545
5321
8762
452
4623
1692
8321
7157
3066
8727
1125
6521
5413
7298
1708
4365
8888
4325
7056
7137
8184
3052
7919
4879
6062
9060
20
5134
4651
2504
2458
4549
7825
7573
5001
8800
9265
3323
5957
2331
8402
7083
8853
167
4381
6913
884
3269
7590
4293
406
5775
7345
4678
7006
3407
3738
3379
4893
4741
5883
3703
9290
60
1276
644
8860
6893
3967
4818
9225
8721
8253
4430
8889
8986
7695
6125
2255
5286
418
9013
7413
7763
43
4419
7522
133
7798
2415
4875
33
2471
4165
6445
99
1161
1658
6993
1480
2828
2570
202
1081
7000
5443
67
4695
1568
8674
9981
1987
4039
3746
9750
4083
8166
3625
568
2316
2392
5443
8702
4863
5961
5147
4963
7122
3157
1956
8603
5985
878
5157
7066
7878
600
3485
8925
8520
8511
5259
507
2551
9005
6610
2986
3523
235
3554
5840
8979
5350
894
3843
1311
2393
5158
4785
5551
3466
3388
1536
4344
4897
4955
2222
5497
4792
7499
4018
3304
9110
877
2207
8116
3839
5193
1639
4074
5099
3831
3054
449
1077
3249
8112
3471
8407
2898
5374
8225
2638
3262
2569
7536
8217
1143
9385
9362
8642
9755
2666
7753
633
4873
2221
4472
6418
212
4899
1517
396
4305
8319
1473
3906
6431
4944
8665
9329
6670
6890
1968
9933
9459
5856
4502
602
5241
3864
5596
1349
2882
9701
8334
4107
1922
9158
6877
8487
4057
8395
8883
4714
3066
356
8620
9497
1653
3637
5179
8323
527
7147
8256
9986
9355
9111
6940
4596
2975
2537
2297
2210
2238
631
6317
513
9790
3195
9000
199
7942
7883
4914
7360
4591
9886
6857
2596
3524
2036
920
4051
5535
5528
390
4890
4639
7330
5839
3967
6219
8136
6177
4810
5120
8846
1675
4910
8393
7027
1461
2687
1262
6375
47
5853
2614
6905
8450
2490
5293
5722
2893
829
7602
3283
2071
2242
6966
4262
2561
9537
8751
8738
699
3871
3936
2374
5133
2330
9401
6594
5017
663
9322
5065
2869
1936
8322
7671
778
3615
3393
3671
796
995
3307
9220
9589
6625
3482
2150
2514
2233
7240
3214
2456
1177
1940
7589
9859
7694
536
4876
4709
9858
6293
7578
8146
4615
5249
5276
4583
4994
8947
1731
5990
8606
951
1931
5231
786
4082
7746
9371
7674
7312
1828
5203
9252
5769
5062
3298
6305
6291
8008
2515
8936
5586
7013
9904
7188
2289
4487
2182
7589
2570
4524
6195
3522
6456
7779
4308
6890
1877
3679
4564
9189
1859
9768
4793
7629
1182
8092
286
3825
6100
9154
2762
8038
6167
2666
5226
4809
3505
3761
2398
2427
8285
8593
5949
1093
6372
6609
7983
8249
6641
2548
3790
4852
8668
4936
8833
6202
3028
9120
28
5480
4626
9142
9870
7145
8160
5097
1954
1665
5210
704
444
9847
9298
6394
941
2022
9355
8924
6624
2348
7824
6766
7201
6492
1702
6034
9047
4730
1506
9075
6562
6132
8217
6433
9630
6377
7882
7936
4394
3092
8641
4838
2939
4291
7584
232
2665
3292
9157
9289
5640
6981
6056
9193
9826
4110
5228
8873
5193
6734
4300
1755
9219
8869
4540
8849
5246
2422
6785
5992
1866
1778
7182
1158
6069
1119
1390
8735
4411
6899
4376
6403
3881
6784
5597
59
895
825
5284
2440
3911
9584
4195
3130
8453
8736
8331
51
7510
1469
2395
9377
9599
9577
535
5669
696
8277
756
1459
5177
1484
7863
5410
4621
3460
1821
1868
637
7105
4308
4548
6689
8503
4031
1494
3591
8714
1545
1102
6535
3940
6831
6135
9869
3718
1804
566
1995
8912
8377
3524
6748
2592
8934
1369
2404
755
3237
3041
4212
7545
3942
901
2401
4325
2395
5992
3039
292
3446
9575
4232
277
5710
4102
3995
3866
1020
2343
9130
5749
5867
5878
8342
1154
7248
746
8261
6837
140
2474
4383
4082
9727
6784
8407
2123
9128
7798
2415
2575
3725
3000
2852
5787
3454
6848
9653
826
9191
5135
6575
5058
1014
1269
2564
4614
2016
826
1451
2156
9652
2186
2590
9379
8970
7349
1502
8099
5147
270
674
5225
9622
9878
1012
3076
6726
7018
254
2269
2153
6829
3680
9519
4451
6244
485
6467
3422
1937
4975
3074
475
7565
2454
9446
4914
308
3897
6413
578
923
1638
200
801
9003
9628
3880
2373
9882
6149
878
3064
9829
398
7515
6074
7235
334
5848
5524
5309
8923
6000
2874
1377
1798
4140
1685
5695
6905
8616
2970
8544
8816
123
3899
4797
4003
6272
4679
153
7150
7743
9982
3900
1610
2408
7488
1944
8257
3012
7253
7180
9012
6479
4909
7162
6971
6594
9209
3877
1562
2179
8773
379
2303
2672
5176
6306
5296
6207
6459
8798
303
2794
9051
1913
1554
6539
210
9811
5903
3815
3343
1268
295
8252
8430
3618
1199
7640
7495
2761
9819
2620
9492
8474
1644
1020
1133
6940
3580
7592
2091
3883
6738
7494
2148
8293
4033
2358
4456
6288
6174
4152
7556
2821
2404
5987
6439
9955
3627
287
9069
9798
2907
4913
8273
4552
2286
9406
1492
5866
3350
9935
6101
6441
7429
8249
1086
7814
608
5542
4103
3134
9694
1659
5955
8451
3998
2394
4758
7625
2681
179
3776
5589
5093
2049
6493
7379
7807
7985
9597
7509
4273
5698
3950
1702
3947
1388
9517
907
6931
9972
4041
2977
1631
6348
7780
5630
5095
8891
9607
4128
9070
3383
6069
515
1784
2562
4246
5943
6900
3843
3453
1173
9541
3755
2875
9841
5144
8744
7100
8427
8716
7494
7756
6700
3842
1889
8682
5289
780
8289
9418
9850
8025
5487
366
6161
8050
4612
2105
1302
4808
1910
2475
701
2017
1702
6894
3513
447
3995
1940
5515
7841
6049
8567
8035
7938
7249
3325
5070
1891
9095
4920
9916
4582
1638
2429
8984
2603
4534
286
3763
2796
9113
4464
4814
816
1359
8327
7615
1706
6620
9482
5899
9021
8050
3934
6959
5299
7259
8381
3542
2706
9653
9810
7289
7644
2240
2625
247
3126
9264
362
5923
4729
1178
737
5545
2537
5416
9512
595
2036
8995
6494
7409
7045
6781
720
8696
4040
9101
2239
3099
8755
2049
6740
6399
641
9365
2998
3768
4981
3360
9691
9711
4538
6780
1608
3428
2196
1121
375
585
6468
3222
7994
9865
3
8715
8561
395
4168
7152
3494
2923
5554
234
9322
6195
5952
8672
9963
933
2032
6006
6996
2923
2786
8605
2703
1335
6078
3078
1920
2546
2652
6266
8763
2655
1333
7324
3051
5502
829
6545
8425
6383
3132
4100
2578
9084
2772
8894
17
1157
4900
3366
432
7687
8323
3135
5374
4401
2565
7294
3299
5218
9912
2062
7873
7598
5738
7276
3100
6567
3822
7877
2950
6954
8329
1881
6038
1102
775
2407
8611
5675
2125
9043
9714
448
8530
5088
4849
1095
8734
4500
6313
4999
2914
539
2597
8653
7815
2049
1572
7989
9926
875
4943
8256
2756
7333
5710
3531
6093
673
5558
8218
9716
1625
8667
8246
6713
9868
5693
1800
721
2007
6799
3635
8898
5748
8640
6713
7797
213
4703
7723
1088
5998
2331
196
9684
4393
79
2129
5066
5637
347
1134
3614
5366
5732
328
1587
1426
8480
2308
9785
5279
2295
8683
7379
936
1748
5176
7501
2803
2899
8589
8802
1583
5137
4838
2328
5216
6967
7395
7205
7314
4881
820
9033
614
7500
620
8392
5980
9280
8177
7611
1575
3212
4990
2511
1312
166
12
4116
9417
4953
2918
7352
6442
4108
9681
1658
1075
3428
5216
4741
8309
6036
3774
5275
3536
746
3667
5868
26
8196
9831
7954
1408
4821
465
2721
1339
6830
3189
7108
8135
2459
4461
4578
6567
4142
2588
7642
7570
7804
2383
2231
3840
2510
7507
3728
9608
1174
5948
5987
9371
5779
3941
7131
6952
758
6204
4643
3940
9393
1752
2076
8204
2565
3006
4771
6707
5594
8765
629
3399
7501
9212
3591
11
6719
3672
5971
4246
9620
1958
3617
5400
2251
7100
8704
3010
9657
3348
6950
5402
5100
5378
3607
7665
8384
4730
724
3979
3496
7705
3730
997
6917
7321
7360
3637
993
3331
7883
6966
1642
7852
8718
3893
1304
7422
3255
961
770
206
2716
5870
5584
6323
9887
321
7405
611
4300
901
4668
4382
1898
1586
1703
5610
1575
9049
5294
9458
2367
6936
3662
1085
829
4966
8507
4085
2280
9278
643
4996
1500
2579
7671
1388
2900
5076
8351
3552
2330
3020
7934
580
958
5990
6191
2533
1391
1485
8343
3758
8421
2005
4843
5602
3323
3350
6039
5603
8980
3034
599
481
5614
4622
8221
4866
6051
2924
4771
8381
2296
9057
8961
3254
1399
1504
2139
2790
2989
482
2900
7762
2487
4095
3365
5811
3798
5756
7766
2778
8791
4718
9611
757
9340
7832
5623
1743
757
6746
124
3053
5804
5438
2660
7203
6942
4799
6346
9932
5282
9246
7694
4121
3342
7411
9932
7140
3168
7699
6270
8311
8769
5882
9068
8109
3714
1043
9853
823
7790
6329
3877
3594
1767
2889
797
8710
7688
7143
4994
2970
2742
2688
7092
6084
6452
3376
9576
5972
7427
5846
4283
6196
1728
3351
658
1795
4394
6863
2618
2184
3192
2847
2130
4960
5736
2928
22
3425
6423
5016
2747
9165
4056
6191
1601
6860
5920
7529
2832
9699
3376
7115
2248
1456
6818
2906
3251
7565
9769
2222
9749
9313
5069
8232
625
7158
7512
6999
6935
3935
2015
9682
9453
2424
2226
7406
9284
8146
4936
8469
4197
4664
5584
6445
6120
8755
9351
5724
6320
5472
7946
2421
1138
3015
653
8115
173
8165
5115
3460
8453
3482
3143
7906
5906
1721
1664
1543
6219
2952
12
416
7616
1948
6862
89
703
2565
5813
7023
4390
3759
9445
5528
3126
6450
3643
9652
4616
8758
3112
3069
2241
2607
7327
4499
4328
8991
2394
547
1944
2406
964
5912
4355
4178
6001
1410
6743
8166
8434
1133
8277
4231
3013
7756
681
3009
3760
1649
8119
6872
4718
6712
5832
8397
1212
6512
7389
3606
3412
5685
2365
728
7949
3072
4906
303
4482
8001
8469
9268
9135
6747
9851
8500
855
533
1509
4615
8534
5981
7839
3253
2693
3671
8002
3905
184
5391
3864
9948
7428
6229
676
1730
5653
5582
2033
135
3583
502
9404
9070
3601
5607
3923
4456
2492
5432
9071
1027
7765
6911
632
459
6934
8634
716
3470
378
4580
3418
7806
7161
4094
9536
2814
6028
7921
9302
5964
8424
5058
5034
8377
665
8957
9186
3158
742
4609
4185
4859
7872
4817
5318
4807
3451
6035
4629
3829
6967
8048
7988
4129
8494
3876
3295
4523
1798
2597
487
6574
7655
1873
4951
8321
7183
489
7831
4277
5099
2016
9136
2971
3185
4455
4130
6636
6842
8760
6818
3809
6808
1158
4290
1654
5034
7586
6177
3184
6535
3016
9758
543
1242
1062
8864
4777
1551
6695
9054
3002
5063
4542
5974
8248
5349
104
1236
2191
8864
4406
2353
2024
5564
6643
3679
6951
581
6208
135
3469
5577
6246
4012
3171
3660
9228
7948
5211
5923
3354
4566
7338
4248
540
1938
9598
6996
3174
8141
2213
3933
6846
4237
9497
9842
4268
2800
6775
6829
2936
244
2406
5534
4256
5577
9194
3484
9877
757
5759
9583
5323
9449
3831
5863
1387
3429
9212
914
7923
1425
4847
4769
5662
696
4611
6283
3497
1387
3112
2785
7983
1870
8319
2240
3799
7513
2076
3676
8270
7836
3259
9946
7285
7090
2161
5025
6872
1373
5939
1147
2798
786
5916
4813
7834
6880
7448
1331
4619
560
4116
2602
2430
2435
1194
2581
6300
3271
6257
923
7459
5868
869
1096
9310
3030
6121
2534
756
8412
3681
9906
5550
5950
4719
3385
9182
2167
4716
3801
9079
5185
2755
7861
3972
302
442
273
3573
3051
7548
7384
5271
8417
8480
4582
7799
954
7116
4907
5718
798
4814
1269
3100
5885
1006
2282
4405
2074
6083
3484
7259
5190
7698
7584
5492
8140
4209
5417
7544
1757
2801
2815
6526
7634
7397
677
4940
866
5585
658
8016
399
8279
1116
6284
9285
3398
689
1360
5833
526
4971
1023
8224
2555
2868
2716
6764
8285
260
8521
7439
9428
1399
5073
6825
2077
6365
4043
7662
7023
2059
4413
5303
9527
7049
940
9277
4091
2300
5110
4617
7272
2486
9193
6179
5354
1909
2944
9991
8522
7817
7430
7950
9217
2503
1127
1294
8868
1523
5308
2244
9934
6073
3899
9462
3122
4839
8739
3565
3492
202
8182
7116
2688
3727
3295
4394
1989
2591
4385
6863
409
1816
4813
9626
671
2292
7272
5892
3815
8932
4488
102
5005
8387
9564
4479
9578
4655
8045
9422
4857
2579
2890
7545
2659
2538
8291
4648
5129
2677
1511
1890
845
2676
7868
7868
1320
1492
3760
1488
424
4600
1590
1781
2987
1154
2613
8918
2161
7010
4692
7019
5941
7583
916
8600
6473
9208
9600
1602
1885
7463
9845
9082
139
7713
6950
7812
9206
7063
9300
5982
1663
890
7764
1003
8396
6729
6273
557
3739
965
3928
9680
4900
4845
4633
1373
4053
4233
9328
2290
1697
9173
1372
8188
3238
8322
2352
2444
1737
1652
8427
3401
8894
2543
4404
3642
9272
677
552
9363
1642
4480
9043
2895
9325
28
620
3378
614
9948
2020
8663
5473
3392
3203
8712
8067
5556
7508
9804
7208
2287
3205
2455
1182
7609
6097
454
4638
6649
6169
2633
1130
5213
5528
455
1593
6148
186
2207
2449
2206
870
4274
1951
4074
9338
18
9630
3199
6174
3190
5486
9380
5645
6669
3341
1743
3475
4332
4744
9645
6965
5874
1210
8845
2682
2803
4993
9220
1363
3794
7778
8585
8069
9729
2659
3759
6099
8641
6958
2274
1832
2445
8006
3829
5466
7699
5572
5293
2031
317
4938
8996
2543
2500
7841
5225
1656
9187
797
3019
2981
8576
1604
7402
8305
616
1162
4405
9257
8120
3031
7441
6917
1037
1271
2383
8736
3195
4029
768
9864
8967
6116
2408
7820
3958
3985
9476
3145
4783
8847
2478
3359
6803
6233
1664
7419
3747
2421
3029
8219
5452
470
5137
2841
8093
3872
1578
1289
7901
8698
1153
3221
4814
9913
1041
5124
3899
517
4621
8682
9364
3452
8393
2519
9685
6409
9939
3432
8831
9320
1651
635
9790
3140
3477
4236
7013
1407
1877
1266
6457
9382
4487
7623
9296
1880
2748
3195
2397
7369
8229
8113
821
6622
633
6858
9383
6924
6642
8214
6244
4646
5202
2386
7786
5031
6622
1151
2790
8499
2418
9247
7882
3257
6870
3530
5138
5970
3077
3887
9692
7658
8353
513
632
5338
3724
15
8614
366
8230
4858
5012
9784
3596
9151
4815
219
302
7605
5070
9072
3204
9304
8682
74
2834
3820
2397
5911
4059
2089
9921
8764
8954
553
4102
2678
569
2716
9397
8799
3926
4409
8583
7523
3560
9750
4094
215
7355
9164
9287
559
4821
7969
6985
7655
8141
9382
9919
2201
1471
9840
7317
426
6746
1420
9456
7315
488
8853
2466
4415
9615
7401
1938
9527
7151
2384
9742
858
1548
9030
1417
6369
3351
4754
377
1493
4137
6648
46
1960
2840
7363
8738
9586
5135
4547
6901
5624
3400
5719
6391
9367
3120
4681
8895
271
7065
8637
1129
8613
4019
8898
1335
7371
3653
8064
5216
4142
1064
5262
2454
3904
8977
7545
9843
4113
2092
3096
9737
1844
8816
2480
1212
8288
7161
107
8560
4226
8744
6041
9191
9116
4940
6878
6487
4945
4942
8055
5439
2358
3317
7893
6263
2294
5438
2458
2759
3882
1906
8848
5727
7074
1328
6939
5363
8489
7046
3923
9067
2142
6316
8259
7610
7608
5137
4097
2553
6432
2152
7992
8790
1821
2238
1405
468
7676
215
3227
7911
2122
8428
3638
9196
9756
577
4559
4598
3975
4834
3665
2469
7503
8276
80
5111
9766
529
7665
6198
2682
2009
1340
855
4247
9098
1323
8276
9313
903
6187
1435
9331
6177
6984
5439
6754
7895
37
729
9082
55
9550
6585
8331
9630
1696
4449
160
5713
6999
9194
4075
8340
49
8322
7438
7725
2950
6751
4980
5489
4539
663
1666
7875
6102
4772
5770
2492
1853
4852
2547
1404
7789
7230
1034
9486
8032
7546
1551
5031
6740
5626
3371
3142
301
7161
867
9603
265
2199
5093
4804
2862
3111
9031
5316
7884
4801
7808
6089
6006
6707
7493
3795
290
4880
9633
8322
2426
1185
3353
5519
6811
3077
8661
7112
238
5880
6716
503
8079
8161
1659
7293
7624
690
2609
1860
1844
6770
7950
4202
3477
1795
7997
119
3027
3983
8441
1806
5168
8147
7325
8331
1224
2338
1796
7814
8218
8512
8318
2649
3025
9977
6294
649
7020
8903
2510
8864
2025
460
3066
1855
8607
7415
1974
1635
1398
6768
3441
2918
4915
766
1250
2491
3104
3046
305
7674
7910
8623
6675
935
4953
2969
1584
1973
8224
446
7189
250
7258
255
2105
5866
4022
431
7501
5421
7199
7294
8339
8466
8060
5941
957
7516
5339
7615
1542
3249
2590
8217
536
7543
7538
8473
5868
5762
8919
3057
2364
6178
9664
821
2044
3687
7605
5897
5460
4804
3191
151
9623
7603
6093
6932
1471
7784
4547
3013
1034
7138
7582
1570
1033
1472
43
3254
7234
5315
6311
5951
1493
2328
3124
9889
2367
729
2138
7827
1886
5329
7978
1509
2932
423
4793
755
8208
5693
120
5594
2831
7702
3516
216
5526
9912
3470
9112
5227
6134
5063
6720
4814
8188
2961
7181
8917
5099
1360
7155
6780
5690
5016
6064
6114
9810
6819
674
5503
6939
2620
4686
993
6136
4902
6519
6048
4725
5631
1275
7211
7047
4347
2025
5235
7308
9206
504
8759
6918
4012
5539
2608
9028
1603
8722
8838
8422
5748
4341
1713
8368
9027
9058
4505
282
5577
6905
1359
7561
8181
8570
4608
8880
6947
6195
2541
6153
3051
1300
3071
7063
3192
2031
6092
4795
754
1282
9570
2854
5624
7635
7575
1003
6694
2080
7637
2271
5337
8996
6184
3518
3918
792
8751
865
3339
1292
3370
6391
2592
2793
9806
2136
4825
5898
6932
1931
7181
2854
4785
9157
489
2360
6512
3535
792
4150
2159
6130
9498
8343
6000
9769
5488
4751
634
8827
2395
4005
1570
1340
6798
1377
3476
7975
3627
6760
9906
7160
9614
1044
2669
6456
3404
9182
9991
549
9684
2150
6679
5534
6846
9031
5303
2334
135
5938
7513
2530
6295
9084
3870
9445
6813
7347
7421
440
4107
7327
3953
74
8371
6622
6530
8128
5804
2873
8677
1840
1376
1708
7375
8222
7091
2678
6908
7226
8616
4421
9757
4911
9857
9979
4357
6670
3678
8130
3463
7786
5457
7416
4212
181
4038
742
8309
6195
9967
3338
8035
1343
5046
1762
5917
2137
4441
2825
5716
9409
7247
1825
673
7104
1804
1382
127
5483
9512
3590
9621
1321
1006
3833
1502
1396
927
6163
3943
894
9501
8331
8590
899
93
4507
9389
886
7333
1457
296
932
3282
7321
4388
1438
8703
4515
3273
8215
4457
2894
5888
5463
3079
3743
3212
4006
9906
7155
1253
5760
5486
6195
3011
1932
702
8752
2818
4387
209
3114
5319
3491
6787
6060
1282
5490
6927
4555
57
1385
3802
5946
3200
6881
9689
6412
7240
5947
3568
4845
8059
5406
1040
1071
7338
8094
9823
157
2482
33
9623
4153
9876
6411
213
1158
8253
7141
2066
8311
4878
5868
609
8078
9101
6650
4491
2693
2597
4411
7538
657
9817
4930
8080
3508
3025
4255
17
5507
640
9640
9660
517
2403
6226
8027
657
9719
6445
5320
4597
2313
5929
2675
7767
2579
7166
460
1528
7929
4351
8537
7747
9281
6617
7607
8658
873
7624
517
1513
3616
6530
8382
6020
2756
2762
3029
8827
9207
8349
3424
7873
630
2451
5640
3209
5970
6100
1089
3899
6803
9627
7998
2437
2596
5605
1095
9821
3229
1613
7687
6846
8143
2421
9218
7251
5183
2247
6078
4391
6948
5854
2264
7578
8305
4256
7139
4275
356
8228
8175
3512
4207
2525
5949
3156
8131
3396
9329
7712
5009
7016
910
9504
9438
128
6755
973
8727
9185
1716
5675
5039
332
9605
3345
4588
6744
3972
1297
1325
8499
4809
1884
1025
7110
1392
5508
506
722
9572
1868
4090
483
1372
9880
6963
4480
854
2043
3665
8922
4070
5057
9255
3676
8402
3843
6772
8726
5140
4449
7226
6301
2686
4603
3411
4078
111
270
4800
9683
2138
5243
6518
3510
5123
3482
4342
2329
5525
8008
1252
5947
3065
507
9623
7819
4350
2748
2897
5843
7197
123
8496
9883
4726
1908
314
1189
2178
5114
7225
668
6709
3743
4178
1833
3577
4873
4162
5454
2881
5414
1402
2298
5921
7377
6469
6624
125
9366
8819
3675
5842
7315
9910
6920
5575
224
4462
4105
1691
1687
4773
8400
5430
5304
233
5360
177
748
814
9410
6162
2216
8060
8436
5946
881
1412
6071
6599
231
9746
2441
3898
9657
5714
9474
6233
176
9931
7924
1863
1057
6325
3645
6361
2910
9005
2890
3658
6172
8652
6173
4740
3064
4609
686
3945
2373
6758
6896
2604
2856
5690
2854
8865
1404
8680
5099
7932
8612
3023
6147
9669
5700
9792
2382
8611
5150
1624
2269
1322
276
4794
6062
3340
9403
6749
3637
1776
9859
533
732
2715
6223
3587
7933
3979
8619
3032
1911
7231
2407
8058
3252
8108
7851
1986
3071
9353
3610
1692
7027
238
6487
9441
9930
5890
6190
9919
4019
2401
453
1103
1469
3028
1042
9402
7008
9662
8786
8919
3245
1193
6978
6498
5653
1181
4836
8724
6886
4799
6769
3913
5037
3256
3354
1320
5498
5897
1239
5869
4650
8044
6973
6119
1073
8015
1873
4433
7677
7011
3352
923
4557
6682
3773
210
4215
8609
5287
7453
9760
2056
1366
4798
1664
1073
2470
7162
3322
3709
3032
7972
8106
6357
444
9179
4372
8669
9964
8402
5681
3316
5677
238
6351
5802
6800
6918
763
2087
4372
524
495
2090
1674
2159
9515
4144
5674
9189
4205
5058
7162
2311
1415
3958
7842
2139
2627
7806
6893
8308
7475
2570
4898
178
8372
1699
7096
5488
3786
7820
6012
634
6263
7686
9145
5778
1830
4819
4968
6035
6229
8482
4699
7644
8792
2541
6136
7771
6700
3029
6080
4175
1952
7330
705
6676
9029
7801
2164
9168
1974
4528
9802
8237
2214
8947
367
4044
119
1687
6432
6348
6521
7483
345
5313
24
2833
3085
3076
2214
5517
3603
518
9199
4308
7195
8229
8462
5711
7397
436
240
3551
5025
2454
8850
5392
2851
5321
3432
5635
8022
9953
3118
8367
1619
9494
7552
1056
8923
9766
2925
2526
285
2124
6835
3832
353
5297
5895
4102
5733
2487
7653
7110
1294
2856
8854
4145
8177
2286
6132
6199
8592
5602
918
6563
1448
8470
7619
371
4589
6896
2898
1226
9020
9733
5058
5726
1382
7305
6180
3467
9793
186
577
1087
3042
9431
1584
1219
1718
7716
7419
6662
9670
8337
3225
1118
6808
7196
1490
7749
4092
740
8975
9464
6825
385
1542
8207
7690
7723
8026
7483
7909
8603
4922
951
4386
6506
8522
2456
574
5941
9118
244
631
2343
1363
3791
5891
9205
1540
9983
6297
515
5800
3122
900
7342
7681
4942
1417
5707
2426
9326
4310
7348
6629
8696
207
5152
1153
781
7445
6623
1026
8076
5319
8741
1867
1210
4298
9759
7546
595
6626
3346
69
7526
688
7750
2469
2106
3457
1247
7784
4119
4947
766
9167
5154
2270
320
5936
9715
3296
3314
4144
8615
8407
2363
9825
2705
2123
7371
9652
8749
717
9721
2628
7758
3823
1449
6216
3632
2696
352
7751
3995
1118
6918
9150
3388
3591
1438
9456
6887
4752
3600
1854
9511
5963
1679
8568
4438
5403
8220
3188
6120
4293
2168
230
4468
3617
2798
8100
2665
3151
5851
6660
4269
9121
5810
4010
2712
7248
3466
5951
8352
7066
7805
7863
9381
5837
6431
3820
1240
1003
3360
3712
1648
5528
3943
6116
9145
6741
4216
1810
6244
67
8470
514
9189
633
876
8253
4233
4342
4205
2586
7760
8362
6801
7141
4199
3233
7313
5439
588
673
9152
2237
6201
9447
8353
1698
2540
2570
3508
8785
2637
8331
5651
8178
5316
6527
6432
9549
7221
6989
2135
4981
1703
5289
8474
5903
4874
5788
7694
5462
2813
3198
7699
5367
8997
6053
7065
1538
4975
6926
6675
3964
1609
8678
2143
6925
5205
4927
6474
8778
8268
4962
111
9971
251
8585
2226
5125
725
9921
587
3539
9471
4639
8906
8469
7044
5971
7
2019
9249
3034
2335
858
1712
830
7783
3269
5757
4258
2047
377
9220
2158
6701
5823
7095
8927
948
7821
5200
7887
1360
4672
2526
6618
3141
9570
2589
9500
7941
8191
2534
277
9049
598
1107
3185
3867
3217
7443
2266
9946
3015
4424
6647
8838
7871
1927
6138
5692
7127
4025
3404
1799
6552
22
1292
2474
8964
792
6768
7155
9678
3397
2556
276
4504
5741
4143
4073
9536
2761
4020
2551
3537
7019
7741
1409
8946
3879
7101
6074
4257
6858
4225
7161
3232
5518
9635
2196
2662
2755
5703
2341
6152
4612
2617
7009
353
3113
7434
9890
5874
7806
8793
9412
4826
2887
7173
3772
6766
626
6198
7375
7484
6776
4536
717
2294
524
9265
1308
3279
1321
3649
9432
5933
2619
2793
6286
2084
227
2528
4310
8034
7674
3722
2860
561
7247
2984
3679
7874
5535
1055
5358
2311
5591
2427
957
6115
1693
2265
5747
9366
2267
5179
5299
1238
4324
7937
3322
4551
6818
3984
2585
4492
4059
1797
5053
1306
4782
5084
9180
317
6139
4539
8980
8083
6966
6289
550
5011
8554
6297
4377
7173
7828
6028
8411
2152
3966
8085
6704
784
2070
5641
5276
6129
7439
6681
3787
2221
1765
2968
8890
4257
7507
4222
2340
825
511
2890
2189
5417
5540
6566
2591
3368
2595
7354
1873
2913
1792
8577
3697
214
4218
5325
2695
1657
8358
6482
230
123
9450
5472
732
3309
9694
3072
487
205
2315
2676
1975
4207
5594
4566
7575
4541
8272
5800
3806
6416
4377
7503
2982
4948
9180
5677
2957
7538
8512
3188
4014
4314
8660
4746
3976
4707
4171
4463
1264
2838
3491
3239
7045
5437
4157
972
9979
2430
6773
3785
5198
7502
7641
8181
8802
3173
210
1760
7064
5074
1300
1078
9389
6312
2176
9717
1019
2699
4180
2284
5537
4023
5523
8934
9460
9681
9907
5791
8463
3032
5929
13
6886
9922
4546
5689
3095
1109
7449
159
6183
8749
1237
1924
1413
9766
1641
2433
2465
2173
1069
4355
2548
6592
3289
2009
2625
9548
7800
7440
8932
81
3806
5819
3
8352
1508
3099
9461
5309
3258
1997
4058
848
273
5471
6966
8267
4256
9431
440
5325
3786
2989
8270
3428
1350
7247
2976
5502
1040
8261
5584
4846
4080
5587
3198
1940
5038
9012
7249
4649
7361
7659
5497
7634
9482
8815
5901
3739
8246
2694
5416
8385
5683
38
1813
3385
7286
1141
8887
8326
9402
823
9524
9834
2763
2722
1774
7801
8086
9023
2450
5447
6682
4299
3082
6165
3114
8983
6256
7713
8029
1672
6098
64
1711
4263
3449
5349
1756
8689
27
1159
9512
9551
7345
2275
8625
9120
77
6712
8143
8879
8511
1178
3179
1593
7343
6293
6929
3599
4006
1310
1623
6456
1375
9686
719
4824
1387
2476
3513
1414
9987
9378
7317
7332
1653
5943
6452
8082
9007
948
6962
3870
2126
141
1816
5821
2786
8745
5772
3145
6407
3747
9601
7782
3434
321
2607
4821
9149
2472
2588
5488
1850
9905
2820
9856
2200
5625
7938
7559
2925
4900
1430
1403
1393
3246
7224
4180
8343
9348
7325
4750
3095
3278
2533
2881
9951
1492
4055
9100
3964
2995
940
2167
9252
3761
2023
1453
5738
9961
5364
8663
1214
6794
66
2607
6392
3642
3139
4735
9342
6816
5838
2437
95
8371
1671
6398
6215
2078
1851
6531
5073
2791
8698
4325
2904
7073
2130
8642
3387
3847
3657
4601
641
3723
3560
3386
3717
3052
4473
3059
9868
311
1849
6315
5034
9872
2714
1249
1950
917
7781
3375
3708
2831
4052
6613
6257
6183
5255
9644
30
8913
4245
7023
8988
4157
6761
9058
7209
1235
8469
7078
1546
6670
9745
6581
6542
8811
4182
4844
9728
8315
8219
3437
7499
2272
50
3756
4807
1657
3400
1189
6922
3997
4564
2263
8154
1326
1321
5364
2561
6142
8794
4107
2813
4891
7040
5707
3703
7575
552
3431
5890
5123
3220
9741
3747
9622
3497
4906
1280
6897
6095
4554
7246
660
6817
5401
8338
4490
7117
899
633
2263
1358
3446
7154
4751
5505
857
2326
2409
641
4568
7533
213
4310
7632
9836
4159
2539
7468
1057
4986
2022
4655
1998
5192
56
336
9682
3525
7587
6667
5788
8946
6465
2943
3697
1971
152
2375
4380
7145
6943
1913
7359
7605
5898
3547
1765
4789
1015
9174
9775
9389
3829
8126
933
238
8462
616
3763
2402
3635
9552
1348
101
2495
1397
2072
8999
3772
6452
6145
7067
4718
3504
1025
616
7051
2790
1757
4418
8316
1532
159
2145
6010
1093
2383
825
8061
2499
3227
1696
2051
4575
1797
898
2324
221
9897
2448
6674
6042
5867
7744
5898
6892
4712
9301
6034
6469
71
4350
4353
231
2848
364
7676
1583
1189
5737
4082
4416
7433
6133
5343
5583
7031
4019
5804
3281
6467
8830
5675
2334
6574
1574
5579
1286
7227
1613
7755
7299
2316
8461
3882
5164
8825
1558
3099
6366
7295
7182
7134
1080
9667
2477
3015
6699
6496
5172
6332
9315
4002
2007
8001
6929
3581
3580
8215
7161
1546
2323
812
3862
7136
4694
5378
5961
6252
8477
8679
9899
2011
5813
7331
1679
8290
347
4730
1138
1871
1062
6805
5873
3069
4806
9154
3003
4739
3722
6516
6285
2397
7328
6499
9533
2022
8229
1846
4626
3058
525
877
5070
6338
8208
3101
980
4907
7831
8470
6778
8893
5275
9004
8314
81
8158
7669
4820
8232
4185
7457
629
1513
3956
162
9887
2185
2008
865
1596
2533
1742
6666
5223
9951
9767
6203
1210
3950
4673
4341
9195
9948
3345
7509
6382
7855
1531
7554
6088
5716
5012
3069
3582
5320
3232
3469
3858
1592
4335
5454
478
2429
8472
5701
2380
8239
1905
9943
2189
6578
4284
1384
2879
7629
5245
9261
1836
6776
3167
4276
8845
8179
7346
2427
9852
6930
2248
3710
8522
2935
9164
9000
5365
7636
4702
4097
2227
2959
4040
768
5889
8324
8504
8768
2305
101
4381
4142
6878
7549
8418
2075
2080
2116
4502
1932
9046
3102
5642
7569
6038
1158
2921
7755
5146
3975
1852
3725
6934
5893
4493
2824
569
9349
7944
2875
9451
8678
7017
2681
6227
1787
4756
8307
3904
5610
240
9302
8712
2234
6871
1102
9745
6145
8857
4891
120
7062
8617
3407
9307
9462
2583
9876
8812
527
2751
8263
9205
6120
944
1784
4260
5700
92
4516
1310
6684
3818
6374
5270
7042
7477
5015
3187
2686
9907
9659
9748
4876
3066
9055
4338
5649
8932
3150
2529
8035
7765
1734
4156
8709
3519
4768
761
9963
9284
8423
2999
9454
4798
8269
6496
8627
9637
6035
1313
9544
2047
7414
772
1465
6469
5110
7115
5401
8261
5996
9789
2378
7730
297
1088
7601
5065
8201
3916
701
2977
6915
155
7775
1537
3004
2754
1174
5391
419
7070
3790
7833
4194
5256
4303
9304
8723
6056
3917
4719
2197
6296
8801
2494
3736
2755
7559
1937
6671
4612
4914
9939
1120
9041
7828
4124
8147
9002
5867
8567
2424
9658
2752
6618
4914
7055
2274
9989
9464
6192
4708
1661
8840
3509
4156
8928
2616
8067
865
9288
9032
2132
5579
152
7525
3407
4276
5673
8761
6495
592
1185
6153
3344
4155
7419
6752
2781
7408
2568
5325
8468
581
4165
8330
1089
3093
946
5509
311
234
4541
8795
5813
4693
6320
5572
5321
8345
4333
1816
5289
5518
4322
4986
6025
8093
8090
8807
1854
658
484
322
7591
4650
8652
8681
4095
9599
4190
758
6185
8731
9553
8351
9776
2226
275
5097
6923
4609
3265
8565
6479
3939
3551
2505
2033
1641
7664
3887
8651
4500
561
6242
9150
5566
1275
9598
1517
5465
6708
4054
548
2614
2405
324
4840
2681
1773
8115
3642
5039
6680
121
8978
6583
8978
7363
8224
6642
7602
3227
1143
8164
5822
6645
3730
7097
2595
5247
2563
9304
9301
9463
1918
8059
9788
3110
7092
1561
7577
734
6600
4258
7207
1931
841
6186
9294
5418
9180
6897
8645
323
1413
4467
3321
1495
7917
2268
6742
480
7924
2395
9943
6194
6806
6083
5656
250
7645
3234
984
597
3844
4544
8880
1037
730
4527
6455
9910
1424
1453
6586
9189
2272
6259
684
189
8527
3778
7021
2804
6173
3317
8998
9332
9400
1007
9582
3397
4241
6919
347
8085
1463
9227
9122
2193
106
1930
2103
1530
3383
5041
7071
2007
1300
7755
8549
9828
1533
5570
8984
4059
5239
7982
9743
4640
8989
9325
4389
9582
6244
1088
4019
7707
6668
9494
6252
6774
1424
4708
4657
1159
9749
1728
3166
1050
5836
1715
7230
3721
3638
6214
4132
8877
548
3875
9869
5890
3201
611
1824
5797
1699
5844
9857
4719
5338
6109
1494
3114
7169
2503
4273
6919
4231
3791
4321
6419
1859
1551
141
1849
4117
625
726
1017
4501
6948
3259
4054
7559
5084
9851
5610
928
9708
6682
2618
2170
8176
2084
5691
7031
6357
2610
1262
6500
3283
4034
4711
4834
527
6560
5303
1152
7287
6321
5653
587
5932
9707
4498
1016
5911
108
8296
1971
6790
7266
493
1318
9350
6185
8349
5707
8795
5964
8560
2079
9998
3271
3265
525
9832
4921
1677
3471
7594
3683
4058
3526
9742
8556
4543
5653
5016
2839
7625
8159
6458
8118
9477
5808
4303
4179
1516
9451
143
6428
7882
6493
9699
7499
3370
5883
2420
1399
9354
6366
5082
9764
9893
4825
8320
788
6830
9689
9979
4455
7848
6437
8926
3677
2246
9581
7856
114
9032
4351
6542
3266
844
6241
766
4214
2125
9538
1966
7831
5905
7048
7596
2150
8225
2268
2938
1408
1957
2917
2215
9805
9355
1141
3483
1601
7075
7691
1715
2459
2043
8257
5726
9239
850
2844
9806
9327
8734
1772
7159
991
5172
1107
3141
9750
3375
6079
1158
5333
5349
3373
1490
4704
867
1325
6305
7942
5369
4372
401
7412
8981
2479
6651
6183
5323
6457
5511
410
8229
9022
1401
3402
6481
4543
9504
9856
6974
662
1541
2323
387
9384
3379
1254
7061
6036
5548
2430
408
5950
9842
5741
4781
2846
1925
105
9303
3788
515
3885
2810
8268
3639
5643
9163
3143
5499
6138
157
3393
4813
544
9129
8193
8151
6190
4229
3699
8621
990
6001
4815
6731
783
7661
5008
7240
3317
8796
4107
7202
7958
2375
7193
3601
1539
336
5453
4029
6845
8846
8842
7389
4327
3387
5540
517
7617
9240
5490
4959
1593
306
8042
2376
4319
3051
9616
3988
1847
75
7542
9806
2451
4735
3407
342
1423
5212
4371
8268
410
9565
2010
4737
2953
7550
5255
570
3142
7097
1881
4736
3755
9923
7112
4427
2974
3081
8415
4822
3156
5958
980
1959
7045
739
2301
4821
5952
3024
3089
6362
2590
5099
1100
5543
9002
2707
2465
2144
6156
4346
6880
9912
621
345
4339
3596
9778
2754
4770
2934
5064
2102
1246
2110
2841
9899
3283
8793
2924
6372
1508
1866
7824
8960
3761
6826
1667
6226
5322
7823
6924
2203
4087
3897
8900
8426
3845
8678
7533
8615
7964
8949
717
9210
7411
9911
9110
694
5056
8386
7067
6564
6604
1243
5524
365
4421
3543
2943
9743
7719
9867
8298
8158
3764
7198
6585
7610
5876
470
2577
3841
9419
9647
3051
6831
9558
8513
7525
966
3251
944
7531
9855
8539
9407
6572
2960
9303
9515
2704
3374
5734
1002
1532
9499
8201
4469
3461
4077
4939
2390
4270
4359
8389
7322
7542
4299
2187
5067
5266
1791
2364
9149
7998
903
8556
4571
3864
4211
4086
2920
3937
9821
274
5470
5672
8475
9939
5485
8905
1231
4227
3175
1942
2617
6849
9484
6916
5389
903
2182
7180
9619
1331
5178
523
6240
9749
739
451
188
3659
4389
6361
3933
6211
2033
8761
2502
3870
4018
3733
8097
3545
2027
714
6747
7863
7631
2136
8767
9813
5668
8386
7497
846
5261
3737
6948
6000
540
7136
9659
1281
3497
