7230
9928
9591
4913
5051
9653
2300
3547
9578
5031
8982
7917
2419
6166
7854
3167
845
2504
6918
1959
135
6847
4441
3714
9372
7373
7107
8896
1208
82
8478
8438
6362
4421
9704
7765
4075
2004
7664
5
3387
6646
7923
2158
2813
2129
5325
10
4633
2244
1969
1121
5443
2762
4835
1167
135
8294
64
1343
4728
8542
6134
7442
9316
5838
5207
3391
7842
2871
3396
7582
5869
7671
9740
5034
6152
5066
5044
7138
7310
3366
8259
9105
6128
9446
272
6264
7740
6688
7607
8820
1583
3741
6262
899
5931
7821
4290
3774
7044
4038
1356
2913
8062
1096
4300
4214
2514
9344
1352
6176
2710
5963
5281
8839
5409
1906
1455
9501
8594
9062
8321
6529
9156
935
7428
5087
8756
8070
5213
2152
8461
6569
1418
6523
4018
5718
737
2884
1414
2090
9061
4125
4405
694
9316
9815
2600
771
5668
7547
6185
342
4076
5341
1277
7857
429
6386
5927
5642
8538
4388
8564
6308
911
8934
2026
8001
1818
3441
6443
879
3918
848
1574
3234
663
526
357
2684
8073
6542
3026
8502
8236
4303
6359
5017
7041
8638
7011
1932
3027
5575
8240
290
861
6619
8291
2680
60
4734
9911
3978
1935
7837
3564
2598
8364
3921
5282
2789
6815
4660
1291
1403
5316
7650
6420
2357
6289
3432
641
5668
5359
5234
5958
6221
1853
602
5253
1913
1688
5164
2243
3623
9354
5807
2574
7718
6080
4208
507
9247
8869
1799
651
4185
5801
3423
2894
2090
6855
3536
7758
8567
8770
69
1140
623
7023
6393
2536
5063
7909
4779
8687
7263
6938
7613
1333
3018
1821
1841
2265
690
9992
9268
1227
5793
2692
4122
4236
5899
7658
1994
4466
6428
8415
1958
3403
1790
8351
2291
6854
2613
3422
1893
9876
360
9506
7562
3378
1327
9403
1995
8370
9395
1264
9597
1540
3956
3719
5776
6207
7729
4123
674
509
8890
2632
3912
681
7336
6203
3887
9949
9625
5780
6177
6337
5286
3739
9715
2965
9494
8063
7687
5241
5679
7285
6782
5987
7356
2558
2194
5086
3033
9220
5595
1924
8205
5860
2605
5541
8415
6492
1842
8041
8624
4371
4378
262
4463
446
3227
3957
4861
7267
5551
540
4552
2333
6527
8260
1243
8721
9698
629
7942
1646
2553
6147
7506
1510
8040
5921
8002
6234
314
2978
605
1045
3240
5068
1491
2819
5378
6352
86
7281
3244
990
5966
9771
9251
7209
8492
8949
4190
2786
595
6743
5285
8101
8253
3325
375
2607
9559
689
5585
6517
1734
5177
7937
9577
7997
9667
2281
8083
6948
5525
9074
2914
1648
4677
6476
141
3626
666
9279
574
7410
4565
5027
5663
4242
1754
4623
154
2444
208
6671
530
5386
4608
6460
3383
4276
5093
7818
7576
619
3244
491
8619
4273
6967
5112
4252
7633
4392
4826
1395
5309
6205
3411
5903
7960
8034
6057
6756
4594
9080
7286
9980
41
98
9715
669
5192
3886
8245
2163
3482
8736
782
7756
2055
5895
2008
6041
6639
3186
7436
1948
9391
7199
4203
7351
5233
261
4107
9828
9341
7746
6160
9382
4196
2228
6403
9388
6114
4649
7903
9596
3385
5038
7352
1793
7285
5712
7834
3924
8898
1622
2224
8290
8822
6427
1993
4055
3040
2453
235
8734
199
2748
4468
4395
4976
872
136
1090
5521
4391
7038
5258
9429
743
7051
3066
6455
4885
6990
1706
6508
5566
9996
5330
8346
8341
5737
1386
794
2325
120
993
5073
4589
1741
49
5461
8229
7491
982
2620
4529
6240
8402
5272
9644
1468
1728
4529
4811
9786
7389
377
9782
2719
8723
4475
4809
6462
5270
7134
6582
2615
2207
1171
708
8608
2984
8937
6099
318
7910
628
6559
2664
5901
2555
484
3981
7084
5295
3767
4474
2025
9901
3545
7100
4376
8354
3562
5998
1840
6497
8614
399
7668
9322
9007
7005
4612
5106
7323
2522
2087
234
1538
4340
2789
2022
4673
9874
7318
4792
700
5695
1045
597
2795
5421
8952
2710
7772
7144
9207
6386
7544
3227
2060
2903
232
3024
4362
3908
1898
6449
4142
3436
789
6932
5459
5462
3158
9129
6606
210
4824
7651
807
3971
3072
6111
3033
7196
3256
2240
9934
7152
1820
1995
55
8404
1371
4417
2312
3270
866
6455
6706
8007
9739
8517
9821
2897
7646
6427
3107
8822
4078
3914
2794
3503
26
2179
699
9634
4420
634
6786
2592
8981
6841
996
352
1259
3309
9974
8477
6116
6681
6485
5855
1550
6306
5104
9197
9086
8211
4371
3164
8477
3517
6667
8503
5697
3719
4489
6469
4353
1275
9061
9686
8117
57
6390
5728
9718
6365
557
5834
9398
7042
8041
948
9701
3145
6497
5139
1356
869
8303
6186
738
1323
1041
6435
5042
5531
2904
5747
6806
1965
5433
1275
8375
8175
7003
8093
892
7561
280
290
955
8321
7591
7008
7819
440
2147
5527
7661
6803
1713
8400
8126
2755
4835
3168
8286
7740
5267
1444
6057
700
2720
4432
5227
9723
8878
6120
3636
9158
2762
944
3831
353
7952
8002
794
6452
3530
4807
3255
5243
3207
7733
4350
8043
901
2636
2135
6168
433
8192
3220
3153
8977
4799
9228
7855
919
9217
3365
3682
161
3548
387
4465
1551
7533
7269
5081
2341
524
6676
5548
4609
1027
9943
1862
15
2078
4382
448
6623
3954
3601
5600
8754
2830
3455
9673
8399
3172
9707
8560
6720
95
9377
8271
7628
6647
9704
6321
3523
6381
1870
8133
7408
8165
9995
3775
244
4378
4224
3219
8332
4177
8819
3438
3359
8626
3112
1758
1798
2819
318
4870
9266
6048
3142
3247
2695
9198
9568
6218
5579
7790
703
9339
5956
699
3115
2552
1429
3691
5771
6113
7868
942
9552
1228
9568
9016
9338
7718
8187
6009
2588
7454
2057
2082
701
4752
1281
269
7322
6860
8060
8026
2552
368
5077
5667
2920
2858
5710
8691
8971
3578
5985
4875
1158
5553
3891
497
9623
2079
6506
8563
9533
8563
646
6586
9667
8279
3207
6989
1491
7619
1367
4043
7987
6444
6062
907
9302
1772
5950
4626
5351
1935
9501
2861
3840
9745
3358
9815
1824
9864
8379
7709
4779
9025
647
4446
7304
3854
1436
8795
1474
2803
9191
9461
5600
5253
6721
1254
7026
2671
5880
8729
959
1734
1590
1151
1479
1301
967
9655
7517
9346
3716
2297
4723
4363
6743
8379
8217
4531
7174
6043
3687
6365
1857
9287
7971
8578
541
1349
7601
2774
78
4912
860
8020
6064
2339
5673
7031
8346
3191
2729
2062
5488
7452
6425
8583
5831
994
3115
9357
3390
3154
2075
5247
8793
46
3825
5686
1395
7778
8460
7825
2691
9320
5845
8755
8011
7871
2138
2709
1062
4867
4771
6550
2319
7548
1485
8150
4895
952
7507
8285
4106
9582
3532
2899
5980
3709
8586
7375
1487
3398
5200
530
9071
7398
9285
3434
5269
1423
6144
2683
6290
7267
9233
4961
4816
718
3111
6063
8023
6971
4348
2129
2905
4232
5029
8886
4293
9967
6261
2132
9717
7814
2663
8788
1564
8300
2223
3185
9724
8367
5868
2366
5634
1453
7328
6802
8523
6791
2865
6546
3762
3565
8676
6668
4149
57
1906
8442
6376
8167
6927
6093
2333
9590
4882
249
7890
3457
3434
3966
8176
9302
2685
3810
755
6365
6965
9279
3156
6182
5825
3271
6100
853
6291
249
910
8197
5044
7286
2716
1971
9732
5050
7913
4614
5299
5803
8071
5086
6122
6247
4388
5159
6409
1496
1524
9726
7127
1032
5909
2952
4303
2009
158
594
8610
7420
8791
3654
1059
7860
5625
791
2910
3538
5405
4561
5694
9828
9647
8168
6075
388
9679
8836
8236
1203
8563
5363
2235
824
4667
2891
9185
4825
3485
4147
2246
8629
7802
3305
6489
9779
4096
5751
3318
5853
6664
5364
5681
2664
9884
8108
9404
9563
3296
7640
766
8211
3003
9353
5387
7670
2244
4572
8848
2082
8720
1094
7063
2874
751
9904
2653
1199
5655
2323
7052
8671
4039
9085
7687
3923
3545
7091
3486
6841
4731
604
1405
4086
6310
6792
1757
4906
7717
6957
6988
2789
8051
403
5663
5154
307
4668
6353
2314
6992
3405
986
1031
8842
8673
1307
2387
5765
1145
5580
6848
8102
3337
935
4412
130
9044
9318
7847
6001
2659
6988
404
3062
2651
5558
9722
7319
8263
2036
663
8020
9374
8047
6862
8048
5706
5601
165
6851
7533
3365
4953
871
652
5717
1001
9696
5036
5200
2049
4047
2188
8805
3461
1191
715
3183
4862
8978
5220
5526
6998
4594
9925
212
8994
5631
5813
5511
2482
3347
8877
3788
4218
9529
9505
1571
5578
893
3123
7627
4940
1663
2785
8402
2854
3500
7937
4068
2479
9509
9594
5829
4104
5871
6042
9450
1502
1855
4962
337
1554
191
4125
2124
9720
3630
47
1650
4524
3170
5630
5816
1185
8415
4218
4039
8267
8508
8108
7098
8017
4054
2928
8473
9926
5322
7924
7780
3529
9238
8117
5084
9429
2242
3560
5501
2225
3608
3504
6749
3130
9134
8917
4316
7549
9488
4707
2168
7996
9167
9267
6013
9574
8547
4487
5852
3869
8763
3632
7398
8001
8102
8834
3782
344
2395
5635
8921
6003
9139
2022
5485
8273
940
6153
2174
428
861
4343
8424
6380
9962
4437
5954
8509
5276
1806
2378
4039
1791
6128
8392
9893
4963
8526
6589
7358
4162
5511
9713
9653
7533
5198
7927
8473
1352
6453
8901
8565
7148
3677
4945
3462
4467
7252
1971
9743
5410
701
135
7201
6830
8527
7094
1793
3406
36
5503
7568
5547
5216
7221
9432
6766
1500
7906
4470
4306
3159
3035
7806
6837
4333
1269
1304
1585
3240
7399
6995
3942
7534
549
7124
2414
3995
8917
5820
4031
772
9740
9578
5988
3313
5363
2754
1166
3269
3577
5472
2780
6612
3278
9617
945
4547
7273
8882
4140
1025
2230
4434
8559
2779
1558
7325
6774
6827
9497
7158
7599
9237
3088
9939
2551
8451
9045
69
1720
2622
5541
853
9235
5171
470
6532
6071
4096
1767
211
5121
3997
4645
32
6776
2555
3710
9902
9382
3207
7060
3333
2445
149
3272
1348
8600
2317
7769
6673
1292
3310
7526
6879
4833
4348
9763
904
4796
1530
1115
6269
5527
2112
6302
8655
4667
6364
4910
401
9571
8322
3734
8368
4823
3358
6068
9776
2028
3837
6449
3320
3499
327
199
8333
1027
6314
9237
5824
7845
6705
8445
9724
8817
1099
4732
9837
7463
9642
238
7035
4316
325
1755
9140
3683
7824
8916
2063
1661
1717
1735
1513
8396
1934
9846
9423
8249
9083
1599
2446
5788
6397
2170
958
7496
6902
795
4960
2896
7385
8347
7213
7710
102
2705
7746
4278
1621
9809
2292
9690
1545
3805
8086
9831
3651
3861
4432
2734
1813
6878
4875
8210
5401
5833
5706
8655
2980
7018
7904
365
5365
5117
8076
1820
7822
2174
6098
5795
8335
8390
5485
9880
2195
9923
6064
2198
136
6848
1285
1949
79
6160
159
5480
8345
2218
487
1325
9236
8391
8042
954
9860
6118
9126
4034
4644
5224
9829
2980
9967
1666
9212
8514
7941
5276
713
8078
8477
1998
6379
8556
4510
2891
388
2855
5109
875
532
697
5619
8574
8003
5479
1045
7129
9514
5689
2354
5695
5021
8673
3714
4234
7187
1655
5862
4252
6085
4339
2602
2465
2895
7112
1708
3283
6319
6817
511
3203
3866
6130
8130
1870
7961
9175
5351
7475
1216
4057
9523
6238
2730
3237
472
6270
1244
6334
522
7330
674
9477
6147
9921
6589
7855
9557
9261
1024
68
2464
4890
2550
594
3112
511
6121
8464
4339
7338
8873
214
9928
1604
3451
400
4226
4695
3086
1100
8377
112
577
4524
34
7167
8731
5943
2780
9755
6011
5244
998
4913
2191
4110
1776
8312
8926
2467
2002
4152
2681
8282
5756
2484
8682
6334
7180
8121
7434
1909
8233
8012
6434
4619
5179
1517
562
7959
1273
2925
9555
2271
4190
8098
2733
2319
2763
8012
4786
4765
2164
3820
3048
4272
6304
8082
606
9836
2555
8040
1746
7141
6052
4532
1760
7583
6049
8675
1894
3674
7952
1450
5945
8495
9548
8679
814
2311
3043
1952
3429
5207
5772
2829
9479
8429
7263
85
8265
9819
8125
6363
6960
530
7247
5072
8113
3297
99
8
6971
4404
7810
9269
2899
3710
4300
3713
2374
7343
5665
2155
8902
1438
4984
8381
9867
8599
4818
4484
8418
9295
848
1730
9825
8095
3155
4291
7744
3254
651
1068
7658
8461
337
6909
8523
4637
622
7249
8332
6288
9404
7234
4078
740
1967
297
9340
6785
1133
4110
2432
8333
5841
8610
2781
8996
2901
525
8602
9904
7945
2613
4717
8282
9522
3240
9271
6497
6842
3955
9137
6246
1189
3215
6987
9508
9864
2679
6293
997
6789
5078
5683
8982
3688
8464
7978
2941
5341
2933
2845
3287
1898
3914
7921
7772
7154
3545
4269
3996
7500
3406
6595
5042
2973
9934
4550
9189
2613
7196
6539
5754
2274
2222
4737
2314
686
9067
1607
2379
2000
4452
5666
250
8366
3588
8023
1872
3485
8644
2221
985
8403
5168
6027
7728
5102
578
6918
7715
4126
3457
9821
6400
2031
4558
8714
9069
3626
321
1448
1978
1125
7115
2229
5843
7055
6604
4067
540
5248
2640
7877
3
7808
257
7732
2910
835
1002
6977
4961
811
6799
7713
2842
1357
2779
1911
4983
9452
9711
3314
6929
6826
5543
2772
233
8499
3191
7125
99
5832
1355
103
3640
1612
4187
2903
8799
5189
9880
112
6000
6679
7825
8842
4389
6956
7105
5724
6408
6816
9038
3337
9995
933
2461
6580
9432
2004
58
5884
7836
1413
5987
7829
3025
6526
732
1824
1715
612
1936
4067
3644
6113
9261
8033
3069
6366
3757
9477
9534
9148
9166
5881
81
7979
8814
5866
9983
8872
1750
4172
285
4089
2001
9662
615
9085
1486
8682
9697
9774
2749
9693
5887
2010
7726
8956
4728
7836
4785
4262
6984
3951
6496
7065
8282
5310
9283
8265
4182
1033
8789
819
5122
790
481
5737
9875
8319
771
5925
8093
3520
5618
3980
5530
9697
9288
258
7533
4073
873
4517
4376
7369
7934
2658
2679
7218
7275
3213
4603
6065
4032
9726
3207
4513
1815
3083
2832
2587
5360
7277
6107
978
1257
7990
675
6897
8248
4560
970
9121
5429
1698
6490
3364
708
5521
6934
7983
8734
1537
400
2766
7615
3608
3631
9431
3043
6463
8370
4755
92
829
5733
1349
8819
2761
8246
7068
7321
5568
2541
2751
3618
9032
2467
4326
905
5753
8662
9640
7290
9062
2406
1258
9022
2390
689
8417
8853
5411
3172
5298
6240
5258
6647
1412
8019
1246
8480
1692
3166
7373
795
6785
2757
3262
1111
3663
9015
9773
3303
2658
5188
2061
3916
562
4451
957
8980
9657
2720
8504
4955
8960
3762
7954
6724
8133
9200
5204
9826
8719
8930
6973
5504
1687
236
6615
5350
5603
2741
5005
4613
4281
7067
4881
4843
1518
2190
175
7527
4910
8680
2482
223
2442
6789
6947
6928
5989
8504
3106
4708
7434
79
6564
9121
315
9532
4472
2271
2273
5829
3236
6554
2896
8118
7749
767
308
7925
8294
5219
6605
7129
1794
5399
3918
8741
8679
6259
7245
1785
7320
4679
1865
3884
153
8532
3416
977
7155
2041
6806
392
4947
9703
8510
2697
6822
5170
6974
1468
6741
9931
8597
8535
5330
8867
7277
4010
5127
874
2147
8799
1906
4012
2683
2059
2545
2452
9388
9700
4493
6194
6444
5793
2249
4954
8490
5423
125
5464
6892
6866
5395
5489
1754
7077
709
9031
7439
5836
6257
9587
4635
8163
9951
3670
6574
8848
6122
5962
4901
6968
8509
1345
9113
7110
6300
7603
2534
2777
9419
9426
5995
1166
1267
4101
4595
1976
3132
8387
4164
5742
4326
5151
3905
4277
8822
6832
9478
1296
9146
4379
4616
7655
5724
3729
1118
8376
7684
3652
7505
3455
9430
9853
973
7049
3954
5569
5378
3439
308
9542
9181
4634
4694
9438
5263
9868
6270
4741
7516
5417
5472
8485
9424
1197
8566
542
9573
6251
546
7079
6058
6328
3284
7032
3378
7238
8953
8756
677
9261
4650
9858
247
5696
9297
1862
1916
1919
6604
9433
7336
8428
4270
3113
9625
2836
7
5551
9087
6906
8982
5146
3234
2266
8530
2964
9504
7483
1720
182
3096
2723
6392
3343
8419
2041
5205
336
3961
8161
6121
7649
6590
391
7114
2567
3227
7122
8118
8667
4028
7100
165
7262
5718
5047
227
5223
2530
8299
1757
1978
1022
4501
5321
5794
6543
6878
2482
6856
1392
4955
4505
4334
1698
1620
3253
1277
5094
1372
9944
9122
4824
6461
2736
543
1508
9315
2118
390
7615
227
2368
4989
1080
7689
7135
7623
920
5969
4479
8664
924
5337
2998
2622
3309
6251
3900
8403
3975
196
7525
5152
6658
6613
2047
8166
5929
517
4909
3544
744
7277
4885
1824
4967
2021
5800
2239
7990
6631
903
5267
1968
253
7889
1629
2856
8141
32
6832
8338
3909
8336
1348
523
383
5866
6452
900
775
6348
7996
8053
7585
9820
9372
5958
1972
1611
301
8604
8866
5568
6924
5471
9809
8554
8327
7951
8586
1511
2641
8848
9847
3989
9371
230
9855
2175
7482
6983
4875
5478
5036
2460
1651
760
8419
3623
2371
8720
8579
7589
640
5504
3060
449
410
7739
4752
5348
9251
7393
4196
9098
7734
9919
5681
3942
8446
3163
925
3321
4994
2313
2134
6645
3073
6905
6620
1796
5625
5200
9385
2617
7056
8797
3066
3818
6536
4171
9166
2139
1564
9715
7590
5651
9634
3271
9593
4433
2786
6870
7754
4132
9183
6240
777
2256
3145
3750
404
5122
5302
9789
7739
8710
4938
7158
2528
7826
1329
8046
9966
9245
7761
7556
4896
3748
7179
841
8181
6317
7711
2287
450
3246
8528
7579
5502
1673
1329
5906
6796
6631
2047
4535
5341
3337
1693
4221
1164
3022
2268
7482
8620
29
1390
3516
3777
4921
710
8310
1238
8421
598
8040
1668
9126
5620
3522
799
3301
5781
3947
6285
4180
8483
1626
7518
6528
2200
5034
5903
4468
2516
4523
4497
258
4391
4627
5179
5101
2937
2769
3523
9887
810
1543
9013
2782
1417
6165
6083
7198
112
2368
7731
4947
347
1601
1476
2547
6635
7379
7015
5503
8254
7864
5761
2645
8843
940
7747
8133
3709
7622
8020
871
9165
3386
3653
582
9551
9737
4133
6015
8457
1864
7315
8804
3465
5143
7703
6452
8874
1070
1955
7128
8935
7716
9773
7778
5008
7520
5911
5069
5142
284
5941
659
3670
9594
7594
9573
5683
1727
1940
4141
9943
9255
9297
9760
4398
7001
6212
3272
8071
4519
6752
3358
8587
6526
7489
3595
398
9752
5016
1893
36
957
8904
58
6904
6498
9631
2587
4577
1572
3080
4520
827
2378
632
1578
5731
6844
1202
154
7715
7955
9865
6302
833
7354
6249
1231
3458
1266
9476
3495
2223
8381
3553
9127
1231
9537
8067
5809
1109
1147
329
8288
9877
962
6218
5608
4158
7421
2115
1874
5376
1980
4528
2561
5686
778
3792
9144
2044
9621
8991
619
4354
8897
9747
5585
8434
4166
1394
5895
5313
8076
535
1543
5390
6754
3503
5900
4175
5618
7774
5903
3950
2303
8464
5988
9433
8608
1485
1477
4581
476
2096
8935
5725
8195
4521
511
2361
2267
6406
4027
6695
3294
5570
2085
48
9073
7986
575
1044
2112
2830
4994
767
7646
7335
200
6254
8820
8029
836
9296
126
6123
1374
4673
6996
1885
7035
9264
4644
7414
5959
7938
2984
4397
7986
8409
8735
4913
9453
847
7743
800
7967
5389
8135
4519
7995
6955
2549
5183
2603
9027
1307
329
3700
8303
2215
7087
3919
6859
4501
6231
1149
3837
628
5487
2247
9363
400
8052
6562
4495
8852
881
6236
3339
1753
4231
6646
4302
9415
5602
9681
7074
5931
3381
1729
4498
6821
5649
7709
1322
1880
8858
1512
8860
697
3759
4575
1097
8163
7489
1944
3368
8371
8180
3059
124
8764
9706
778
8179
1660
459
1605
7591
192
3334
8442
3365
5335
6151
1040
3567
1362
2552
8779
2059
2663
3354
3157
826
844
1453
546
5567
9634
3606
2043
8398
3312
9173
2929
1324
5984
886
8915
2528
572
3709
5894
5908
9861
6934
5827
1223
5838
4607
3282
8501
7961
2791
5679
5157
4245
6226
724
231
9832
9119
8629
9496
8292
7910
820
4276
8796
6087
6805
9368
9797
9051
1628
9658
5985
7456
7233
1823
2063
515
6676
6376
3307
2355
1534
3904
4933
8610
4135
1117
7730
9116
613
2374
7026
7785
3003
2174
3873
6160
7894
22
5211
5875
6032
7548
3331
3265
9371
1746
3780
2399
8122
3439
1106
9656
3695
2392
4619
7830
3509
2349
6946
475
1075
324
8260
4078
8850
8485
238
3097
8507
5449
8972
4539
2997
8655
7804
8720
401
7937
7471
8523
7728
8578
4532
1424
970
9151
9254
4479
7852
2553
4954
8927
9229
9567
3006
4432
8052
9596
7529
6560
1398
2853
7451
4395
1508
5256
9468
8261
9545
6939
6784
7273
5517
7668
8697
2839
3171
4304
3671
1023
3209
8625
6303
2438
4544
9309
3222
2597
5257
751
5509
6655
9956
2960
7403
1464
8216
6871
9725
4113
3810
2862
1387
5680
6882
84
4871
54
740
8542
1077
3949
3520
3732
6388
8064
9393
9610
661
4651
6714
6170
1306
6670
5483
8709
4487
51
1932
564
4165
2095
9778
5552
4127
6661
1988
8998
6715
2729
7541
4144
6678
1061
7877
9418
9125
7270
5381
6139
8273
8447
8661
9580
5117
4144
4641
5956
4196
2926
6521
4713
5021
6299
265
9148
9312
2253
8146
6027
1334
2039
6524
8013
3100
753
3783
8578
8023
9164
1069
6297
7611
9730
2229
9081
227
3222
5037
775
6148
7910
5488
7521
562
2105
6669
9874
710
1168
2254
2045
3207
5130
58
2660
5883
193
7590
258
9358
8659
2907
6969
8389
5136
2402
8616
4711
3792
5743
859
8054
1231
8381
8616
3336
1402
4843
4047
8922
3449
2444
2130
8579
8854
1142
4462
9047
8732
4720
8405
7391
7628
1727
2132
9116
4129
7101
3827
4273
2844
1039
2328
428
5772
944
3764
7174
2139
4163
6097
5588
6607
4579
4167
5461
5721
8629
4509
805
9702
9266
4548
7330
993
3032
2798
1475
133
6626
5748
9330
7665
8076
9758
3437
5373
9874
6963
7512
390
3060
9453
3349
3991
3620
8811
6064
8602
9672
6869
4656
8938
7769
8338
6284
802
1136
7759
7287
7762
9859
6617
1779
7936
2727
5216
9661
8954
8532
3525
5696
7944
2978
9045
1936
2951
4208
8000
7905
3880
1222
2561
9171
8991
899
1807
9793
2035
9566
7081
6150
9425
50
7929
3713
9130
9498
3374
8084
8030
6900
132
5974
6230
9177
4262
9181
3386
8615
7086
3618
9837
5999
9141
5180
6898
948
4974
5286
6866
8407
1436
2644
4809
5717
6357
3939
5215
6084
8375
9597
2984
8507
1924
9214
7685
6186
4748
7423
4801
8186
7393
4638
4186
6535
9819
7436
3835
1145
9074
702
5904
6862
3346
713
2580
6055
4653
4147
2139
3028
3745
1475
7888
5669
7042
5573
8207
1790
9348
3009
9976
6741
3999
514
9628
170
7951
3464
7667
7025
4166
3571
3888
3864
637
2820
9919
5290
6967
8411
4670
7064
9886
2558
9085
6928
4483
7293
8718
183
6654
5047
6925
7005
5561
6553
7176
9864
17
1195
3242
535
1119
7130
751
1756
6302
7023
3398
3269
5434
4420
6686
5320
3331
5771
8601
7814
9416
3671
7998
6070
8718
1275
3076
632
4180
6604
496
550
7799
90
1085
5270
7220
8189
7026
9874
5212
424
9496
646
1197
6182
2318
4528
8305
919
8694
7722
4591
3044
3792
9661
4319
3220
293
8500
6176
7142
9050
328
7232
6487
5598
805
1028
2625
679
6240
9401
6527
3238
598
2709
5557
1478
1015
6476
173
5089
7419
3217
5233
7081
3889
8454
3726
2389
982
7220
7791
1310
4453
630
6909
1610
1659
5886
8641
4251
1639
5169
7490
8590
4230
3047
68
1597
5875
241
6686
9647
3459
1920
6728
7348
6726
6806
6089
4060
4027
232
5371
4832
862
8632
6442
8873
4518
1435
3125
2509
6604
615
1099
7187
14
1168
8784
2241
1409
1823
1888
1220
3743
4968
8568
6821
1775
1009
881
2154
1241
2604
6986
8456
1236
3428
7329
2106
4863
454
4616
7820
7421
5715
5007
7435
6883
143
6029
8293
1966
7917
9513
2061
9238
4434
5234
7365
1795
2468
9519
3037
5072
6505
7845
6309
6285
5174
4767
7500
1981
9383
1672
9402
5099
3031
3190
1982
3175
9219
6627
1493
3488
2493
3555
2726
3279
5141
6443
5074
7609
5962
4463
2682
8819
2308
5343
1456
3835
110
5309
5816
9494
6981
1570
945
6365
4760
9279
5892
331
5907
7385
3820
4752
7292
2898
8031
2434
9342
9457
43
1656
3921
9077
6828
2581
4420
8284
2768
4531
9945
8584
377
6927
6507
1322
3292
7619
601
5536
7951
2860
2921
8123
7612
6566
1021
1995
9000
6715
1453
5395
8372
1726
4473
1552
4307
5245
9836
7076
9776
6134
2012
6505
3061
4871
7827
2705
2491
8429
8241
442
7641
7514
8565
5254
4080
5938
7249
9432
2654
5054
4828
1026
6780
5653
2578
7440
898
8766
868
7027
1252
9232
3532
4313
4104
1360
3370
6595
6141
7963
3389
3782
1830
8306
5388
5910
4244
8990
1695
6898
4044
6523
4276
7177
8528
3206
969
9426
8325
1837
6453
9577
1069
9986
243
5173
7698
9965
8120
3839
7929
1509
3973
6111
9815
5714
2021
412
4704
68
3662
5100
2943
7939
8629
1471
1145
9598
898
5822
7787
3703
5400
8857
3689
5643
382
7739
5608
4855
1578
9889
6364
1904
6000
2532
7618
4374
9296
8674
4442
2958
3774
7386
897
8756
8857
8395
8354
6107
4217
6142
9811
5969
1351
9852
1612
8085
7592
3573
2940
5522
9814
5657
7426
5815
4541
1396
6541
3837
70
7335
6795
197
4721
4045
8953
9931
8792
3659
2390
3009
6153
2201
5331
3856
8406
6943
1942
5998
6868
1234
1520
6683
6891
5299
8850
1432
6695
5391
1621
3118
2726
8417
9667
3800
8814
4972
83
7606
8631
2473
6967
1137
1027
2298
4993
5785
5594
3287
1783
2462
4522
9655
5497
7765
4954
4347
5550
8002
6090
7171
1120
5169
1940
787
8969
754
5759
5404
8360
742
4229
5328
8231
1608
7626
3225
7393
3220
2864
5528
2035
3738
5184
7532
1504
138
8232
3406
4492
4322
577
5612
9491
2518
2751
4812
3272
4862
6568
1633
1957
7150
3313
188
8758
7291
9765
6152
6864
8982
1680
8899
2720
3216
2783
576
3355
1015
3982
4199
1690
912
9812
7533
3430
8915
8698
3054
130
5266
1039
2087
2416
4352
8627
7527
1644
8393
31
8508
7375
8063
3759
6447
1280
6542
3376
987
3910
7358
5186
5600
4622
1350
9485
8052
266
8183
1107
6748
9802
2146
8835
8570
2851
3814
6097
847
8559
6128
5707
2286
4192
9466
8734
1824
2360
2110
2811
6270
5820
7997
8222
443
5700
4060
4847
2318
2243
2306
9066
8397
805
4253
6968
3656
8067
3065
4503
6627
5546
6562
8913
6090
6028
3999
7914
4740
2461
725
1011
4634
5074
5585
5077
774
9645
6276
3092
8241
8583
8510
6638
9388
2763
3606
9396
831
3024
251
3810
4922
6813
9075
1012
2841
3075
8926
3933
1888
6003
1296
6522
7429
6882
7951
4556
2879
4228
7648
1120
9163
6159
4111
8551
5274
7717
4299
2457
7093
4550
6267
2015
1363
5343
3027
556
4770
8305
4489
6658
660
5786
3181
8090
9020
1132
2646
1899
1712
6646
9372
875
9157
9835
5778
4432
3904
77
6889
998
4627
9509
9365
2342
1204
8745
2898
5974
7050
3740
8984
4063
9526
2165
2153
4898
9650
1151
3149
1362
4149
2521
8590
9659
8708
4368
443
2613
798
3684
3611
1777
3193
2976
4120
4397
1721
3370
6723
5124
7110
5708
9187
2988
4225
7692
7886
227
5195
1036
1590
5696
9909
6532
5355
8618
7252
5798
1231
8050
5835
1194
6180
9028
4170
300
9778
2244
22
2853
3720
7133
4913
9259
121
9139
3303
8008
9366
8498
9044
7308
546
5305
192
5902
3923
7445
8052
5154
1847
3887
2700
8027
9268
6871
4679
5398
5467
1054
8251
5539
8187
3165
4798
8308
8656
8101
2668
4374
2951
8064
8035
3497
3370
8227
5751
3645
5672
156
5152
3872
4043
7852
8251
9663
4723
9283
5061
6542
337
9665
2081
8524
9182
3231
3184
7838
1332
5853
8564
4283
269
6599
4133
9991
4827
9884
3637
6851
40
8789
723
436
6641
8975
6451
7717
8258
7865
4259
8595
7530
2693
3471
3064
5924
6655
7254
3609
8860
5818
4244
5482
2418
8377
5473
7245
4614
9110
448
1006
7899
1172
1442
893
6499
7894
8610
1109
5759
9221
9704
9641
8266
9527
2705
543
6182
9959
4152
1395
5777
4748
6877
4547
9478
2350
8144
4092
7813
8593
5098
2064
6117
2893
2957
2616
787
1567
3725
2898
7141
9781
8891
5407
9308
1596
5950
1842
7907
6454
9589
36
7555
6466
4584
7033
5169
2728
7477
9334
7673
2575
1398
3790
1820
4356
2758
8959
2275
6483
1857
5768
2616
748
1176
8276
8696
3478
6471
6603
6285
6060
6640
3840
8879
1224
873
400
304
8350
9734
7978
7277
7484
8120
9098
8192
879
8057
6820
3714
6267
2588
2683
3367
116
7311
2064
3595
3782
8667
6232
6195
1659
72
1426
9235
7297
8178
9540
1999
4264
3870
9276
1748
8342
4726
9941
9221
9136
6761
9288
5403
9349
1971
5122
9466
9282
7186
9413
9417
2206
5645
5612
217
2069
3390
9453
5718
1568
5345
7717
5832
9215
3345
7580
7557
8072
3873
3131
3560
634
2419
5315
6336
4390
437
2154
24
3976
7919
9441
6182
9916
1405
6399
8337
4795
2204
4055
6363
7549
1772
2195
6764
1469
6128
674
5893
1
157
9453
6988
2576
4768
9676
3318
1558
8182
3342
5534
6101
9136
8068
2369
541
819
706
5337
3024
4761
1700
573
2885
248
3690
4354
6376
716
248
2729
873
6053
9717
3449
822
5745
3119
8732
3927
6461
4266
6380
1949
2334
8749
2491
3153
9455
7828
6177
568
5880
3103
3453
6128
3145
4160
8856
3861
4408
1586
4734
6813
7655
4535
7635
3401
4006
2719
3680
6819
6985
61
8769
9319
8810
1260
8825
8266
9088
1354
5186
1320
809
8640
7449
3954
2800
6305
7815
3560
4243
8901
373
1899
9788
4361
5300
3794
7080
8980
614
418
9041
9383
9737
4204
643
4914
8822
6083
2621
4008
7403
3430
2648
1204
7385
1800
3862
1552
1712
8105
454
2086
4
242
2799
1656
389
6231
637
1003
6649
6030
386
2739
6586
7381
7653
5408
9816
274
9417
3571
3705
8417
4776
7442
6570
4990
8994
8282
3095
9448
368
3100
6043
9519
4756
6432
5751
1745
3787
2400
4128
525
5139
714
7906
9145
2475
4074
9419
1892
3997
9476
6661
5125
3270
3231
115
2265
1514
3211
8065
8234
6311
4108
7754
7419
6892
9857
9165
679
2257
9645
1204
3749
359
5462
2894
2834
5888
8665
1078
9886
4494
7740
5011
7764
7323
5127
29
8837
4690
4447
3424
7353
4907
7530
4772
1800
7387
289
8831
5996
9934
6388
6097
6646
1850
8991
5832
4091
4009
6911
3977
8503
1003
5340
2619
8326
6819
9001
3516
1509
3448
6940
8862
8355
4470
9987
6507
8209
276
5339
557
6563
1727
6655
3209
9929
1998
5393
4020
6007
8656
4349
862
9659
9690
3482
4338
6509
2483
7854
4371
5931
1146
9585
638
1968
9572
7146
177
6201
2485
7086
2764
564
3741
2325
6845
5740
7718
7218
1747
6375
1567
2610
2386
1257
2444
6724
4119
4927
930
4842
7210
8428
4427
7848
396
4000
4994
6925
201
3831
4012
9317
747
7753
1642
7593
9845
5712
4811
1593
8439
2730
555
826
3988
9351
3902
4459
4278
4833
9301
1488
9613
80
9336
10
4080
683
3287
633
4514
3651
9950
5262
1405
7944
9207
7602
9
370
5547
8448
3100
6102
9274
3440
1805
3177
7899
6083
4362
3552
3923
327
3633
9612
337
4065
295
9977
1051
1161
3628
1001
2775
1385
5298
1982
8988
5307
2352
4535
107
1805
6990
9382
5245
8795
8911
9497
1231
9625
9401
5154
9952
3034
1118
6642
3452
7765
6619
4503
8927
6599
1856
1702
7985
3506
37
6973
8813
8741
7860
8921
546
4850
4655
5792
3646
9918
5289
4877
5895
4690
6383
5847
4077
3854
8841
7529
1619
1812
8384
546
8412
240
8601
6397
3747
8638
9722
8912
7379
7582
4185
7926
8785
5192
70
2431
5110
5359
3660
1005
6401
6395
3205
478
249
8398
4359
8221
211
2743
8767
4975
9336
3720
7724
3083
2358
7446
8347
6090
1380
2533
368
165
7725
438
8948
9188
5797
8960
6545
8550
1708
6102
9029
8309
4501
9740
6530
1064
8836
1650
6039
8172
5370
3763
7607
4081
7561
2306
171
5293
4839
539
1811
8917
977
7111
8105
3126
6072
1002
1676
7780
7105
7057
2441
1606
3150
8972
9022
1986
6974
5061
6510
2344
5176
469
2777
9089
9127
2948
4382
3967
9839
2545
9236
7168
9657
3693
6646
5729
4695
4675
9861
1800
1732
2302
9758
1234
7626
8780
3220
4600
193
6082
3297
5369
2903
6074
810
2031
5375
5193
2350
1566
7738
1586
8735
7395
1631
1733
9476
6326
6408
5689
4479
8141
4344
4237
9375
1970
9370
8948
2923
5915
1382
6220
7637
638
8646
8447
9021
4021
9992
1371
5588
4083
9309
675
7830
7292
2408
7307
3618
5169
9348
4449
3310
3692
5039
9037
2015
4409
4337
4938
6676
2072
7510
4313
9062
2508
2761
8083
6530
2753
5806
8470
6836
1467
5497
4667
8759
4257
8326
8729
9426
7674
3179
9088
1367
8218
4478
3382
8979
5167
4672
5655
3591
8534
6321
2653
1042
9082
7088
3924
8187
9246
8746
5024
713
4243
6043
5824
4853
721
906
631
8395
437
9720
6114
5007
550
5848
3986
2069
6872
5993
5661
5406
2314
4666
6449
7748
1755
6725
5936
1001
5472
7312
8067
6067
3355
243
920
428
1149
7904
8823
1586
3976
1290
6593
4526
7138
6931
6595
363
2925
2256
5769
1591
6923
8570
9340
5030
5296
1628
2383
7120
8940
450
3187
8647
694
460
9075
8195
8364
4250
9782
2340
5540
2727
3218
9031
9659
9813
5746
8936
8422
1515
6879
1697
6438
6219
3079
1734
4199
5462
5206
3139
2265
4745
1786
2959
5205
7213
7506
9921
1464
7288
8613
3356
16
8183
8739
6027
4349
4485
4963
9123
2353
1842
820
8791
4414
251
6877
8613
5713
2083
8105
4330
6828
9891
3641
8386
7105
1148
4659
4921
8436
9625
8277
4804
7808
3369
7183
2157
7854
2146
7632
6559
341
4804
5350
1107
5055
2227
6072
7121
662
4177
1451
7491
421
5093
2229
3878
6241
3240
8799
1029
2865
3428
2186
7026
3149
9369
5535
7356
7868
3168
3915
8209
7972
9266
5668
9380
7845
8092
6501
8508
2270
7952
5999
9043
9397
4580
2921
1990
7820
8072
3020
7038
7852
5206
4064
1002
927
9599
4710
8795
9119
8625
3356
7092
4243
9024
6472
2089
7117
9325
597
5739
3629
2948
4782
3027
7528
4055
5017
5348
8479
4389
8738
6331
5947
2802
3685
6875
8754
8395
5670
7873
3373
9027
1317
7616
8051
4141
9705
1520
3466
6654
3611
7096
9602
8393
6475
7130
8800
7844
8831
7279
2234
7569
9963
8181
372
3648
5056
5478
8396
7079
3351
8121
6106
1021
2089
509
5162
8147
8382
4981
4801
1993
8429
4404
6739
4904
1534
5539
9100
365
9171
7686
4287
9134
5868
1011
9134
7276
6489
3882
4355
6192
2003
6813
7213
4093
7323
8728
2240
5705
3709
7041
7698
8490
1445
4437
9746
9332
6329
8846
6049
5500
6533
336
4634
8753
1347
3768
2381
4188
7651
3089
381
6006
9902
3946
6451
7225
2674
5043
9282
2735
2085
3333
1225
9882
4122
971
5566
451
9818
1616
2303
2703
8304
6937
7808
9652
7058
189
192
1061
3278
573
3419
3181
872
9871
6758
3546
4914
2393
2634
3351
5726
3859
9586
9848
4831
5152
6652
1001
6768
8955
56
5073
2245
7864
1077
5655
8053
7621
3068
7684
4547
6487
865
5419
2710
3975
5317
3977
6368
7951
7328
8446
1811
3266
8295
2994
8419
1299
347
1539
254
403
2964
8851
8267
393
4506
6320
8015
3926
4004
2562
6766
1221
7981
9476
1549
9650
3453
4269
7602
7134
2716
5765
400
7363
8759
8819
8662
9106
6711
5268
9509
9675
4120
4128
69
4978
448
8084
8905
805
6998
2023
2026
4979
1499
9927
981
1305
4197
8583
8439
6913
4348
5191
4276
9459
363
9290
8565
7074
4558
4426
6749
8678
8554
6818
9
5355
1254
5266
6160
8252
7289
4538
9583
5140
4466
565
6445
5015
9148
1236
1928
9849
6428
2556
9308
6791
1846
4226
3865
6404
8652
614
1435
3559
3785
7796
8914
5039
3062
5074
9644
351
5964
9227
1843
6782
6144
8289
1797
1645
9525
77
1494
5953
2633
802
9096
831
1380
2961
7236
33
9928
5023
3592
65
2819
8858
5104
2233
284
1100
8936
6248
6680
779
9383
2824
9068
1180
4469
8594
7610
2315
899
243
9470
9996
1075
850
9309
4663
7235
9237
6038
7179
9302
8857
6037
759
7442
6321
8211
6378
2570
4891
7157
8305
4068
6226
9485
4889
1172
7095
7205
8423
3691
3027
4771
1118
3877
4081
2133
7465
9670
8171
4644
8973
3380
682
6084
822
7003
4295
7200
5925
5539
4357
4230
9607
6935
68
4496
4459
3515
8053
2883
7206
1080
7654
4676
1310
8087
6809
8775
7758
1332
3419
3083
1064
4101
9167
1886
7457
9814
5438
3382
5353
6148
3965
4960
9435
4033
5809
3895
7548
3862
3130
1107
1295
784
5783
2605
8872
8945
7732
2982
277
1151
6065
1342
1605
5232
9580
9062
1398
1371
2444
6752
3871
6409
8064
3306
6794
225
7201
4343
440
331
1802
1735
7468
7585
692
2692
2882
8424
5674
3160
5927
1739
854
7532
3323
6786
2946
4721
4509
5391
7825
8380
8152
5890
1687
4947
6115
5240
5642
6555
1924
7444
4642
9392
1381
5334
2084
4264
110
4110
3776
6038
2201
982
9922
5524
7768
2869
6597
8630
4612
4423
7010
2764
313
8697
4063
2780
290
6057
9336
2214
3501
3978
1606
4883
5665
42
5499
5775
504
9275
8165
2705
257
4440
8229
4377
7309
4826
3007
8273
9249
6370
1037
5914
5067
1453
8695
1709
7510
4383
3923
7364
4713
1881
2247
378
1923
4098
2506
2427
3373
671
1484
9982
5111
9713
4359
8772
892
3719
7045
6493
89
4435
8760
1508
2240
7455
3218
9750
1838
7141
7114
6551
9023
5713
3282
7298
9811
5788
6078
9536
2811
7562
9518
7923
3628
3878
3047
4520
3949
6445
7365
4038
880
6125
5546
3120
9932
8764
9222
1770
2258
2689
4674
1281
4754
7956
4931
918
3744
1009
454
6555
8572
9973
830
2200
203
230
3072
4152
6675
6789
8190
7555
2915
88
7027
2847
8853
6249
970
7463
5290
5644
8744
45
9952
3675
963
3696
1037
7769
6603
9609
7742
3786
1809
4297
4016
1233
4801
691
8022
9343
8246
937
9432
1625
137
4637
4226
7459
2100
9517
9455
7196
5914
9407
7223
3229
9455
8260
998
2410
7869
5093
6196
6030
9390
212
7263
4192
903
1638
3535
5501
8927
2967
3478
9064
3956
7705
6523
6056
3574
2330
9604
9488
1737
6828
2717
1192
5088
3715
3603
9310
8808
6151
1692
4551
6364
8956
8743
3619
594
8630
5473
9521
7950
8951
4938
1906
3008
7813
4315
6582
144
3919
2422
8233
7099
1491
9426
2188
5207
9381
7850
367
5532
9542
1270
8248
4850
13
8220
1796
4996
45
7670
9298
5348
2608
1204
8357
6773
1871
1291
3269
2143
66
1503
9242
1557
7281
7782
3116
3014
5632
3484
4898
1527
1106
3147
6377
7472
7719
8174
2468
7764
2196
1766
3112
1156
9322
7821
7929
1194
5465
1199
3337
5531
9054
8931
7088
6335
6714
205
9349
2346
41
4247
225
1147
3746
6603
8619
7817
1129
7439
5581
3325
5557
5046
4481
4880
2867
8762
2426
4684
6313
2115
215
5367
1046
7304
8054
7760
3861
7403
6459
254
8003
6684
1401
8101
9639
6373
5919
7120
3812
7852
6797
9370
2898
7630
602
2118
6393
3028
6802
2706
1495
7018
4426
2541
674
2480
6654
4535
6236
9465
4789
4239
6149
2542
8692
2141
5267
4611
9261
5432
2464
6059
4802
1714
3689
1756
3832
6434
1136
6987
9141
2631
4005
9919
1524
1031
2399
8178
1918
8635
3995
6707
9226
145
5601
7919
8638
869
2530
7899
6301
1346
310
7455
3061
4000
5563
3245
434
6699
232
5927
5682
589
2198
7206
1620
4598
1737
9890
9585
5732
2949
8812
2229
8551
6731
867
5772
5613
5119
8425
3312
5429
5880
2725
5781
1443
5970
2568
4494
2555
8495
176
9496
7046
3734
7469
1644
1823
7359
1229
7556
309
6393
6137
8860
9476
7005
984
1442
2124
9409
4754
3905
5289
7479
9687
3084
9801
2255
3930
8708
7102
458
8205
4148
4192
5674
5792
6016
9385
3374
9924
9694
6119
6061
4906
5596
9418
5890
7038
7894
5299
8144
1800
6940
1975
1487
6376
8128
3742
306
6837
844
7116
1394
1345
1309
3420
3489
3677
2805
6863
9953
2500
9335
6014
7406
4931
1785
9649
8321
9679
4948
2817
1479
8241
4792
9318
4617
9272
3060
1276
6109
257
8392
3855
1602
6053
7275
5091
6082
81
8307
6035
8933
7642
8402
2691
8925
6539
2340
3598
6218
3641
6415
4050
1882
7559
3368
6499
6831
2781
4127
9293
3038
8872
3148
992
4925
424
2435
7360
6857
742
9747
2142
4736
8149
4833
13
4688
7174
3611
7259
7167
26
1309
9049
3937
1029
1900
769
3810
6028
62
3200
4900
3210
544
6177
9986
2980
9889
6843
3722
9637
8985
4811
4138
171
4824
5179
3697
8436
2438
864
4814
99
9913
8752
1128
1813
5873
1291
4193
5935
4491
5445
9145
5036
7975
5484
4368
7864
8679
4442
7501
4017
9253
1640
4188
430
6819
7885
5218
5609
5101
32
5708
5014
5136
3188
3179
1009
4479
7373
6944
5323
9170
2442
6711
7145
4278
1079
5010
2957
5521
2511
6974
1127
503
1162
1557
3674
5399
6775
9283
500
3159
1343
1866
4648
4532
5046
2009
5363
8771
5306
686
7941
7748
3749
5087
2026
1180
97
1335
3054
8960
8310
533
5816
5824
2090
9490
1224
5217
8774
8076
4728
117
9943
5728
1001
1341
7738
6365
112
3044
3403
8053
7144
3505
9492
9170
4685
9589
6857
4091
4902
5167
4624
718
992
3066
208
8568
4635
5334
2996
5716
1804
2939
1444
9157
4280
9182
5522
744
2226
5278
5150
9370
8783
4642
4892
9820
584
1750
264
5486
3269
1240
2556
613
4307
2764
9181
5294
4451
2178
1010
2607
1469
2455
1764
2102
1637
7287
2846
216
8917
7996
5938
4052
2639
831
224
9575
8933
488
1413
2202
1729
3969
2816
2388
3085
8349
7682
7536
6879
5045
143
4701
7500
1908
6803
5489
5547
9649
5705
816
3998
1644
4868
2989
8827
1444
2564
7760
1933
3977
6314
14
4298
5482
8754
7383
184
2788
1272
7063
7833
7767
1764
5333
9675
4919
7175
1574
4569
9232
8742
4919
876
3610
7908
6055
5055
6824
167
3340
7153
2834
9706
1451
8316
8460
8834
8500
7600
6458
1916
5434
4226
32
7119
253
4952
4294
1828
5873
3527
570
792
755
533
8700
3163
1940
1876
3330
5280
9029
6164
1338
6832
833
9798
5666
9333
7398
2125
7601
9184
2703
7634
6304
2956
2586
6950
1136
8459
6829
8059
9251
7585
8592
4303
748
6884
2531
430
8516
1560
6595
9854
8392
7428
6004
410
3113
3402
8887
7067
8939
7942
4701
1595
899
3639
8545
2035
8450
5375
94
4053
9312
5038
4708
6412
1922
7239
6842
438
5151
9789
292
9895
3569
6296
6657
3035
6051
1897
102
1342
9839
1155
2937
738
4794
1482
2774
9596
3209
9220
3649
8873
611
8357
5285
8885
5596
8480
5676
7099
8269
2320
6994
8191
4969
3651
1226
7372
5548
7680
8714
1740
5187
1651
2478
9981
9485
1604
9577
9047
7177
9578
7920
7788
7935
3206
6673
9883
1686
8701
6982
6307
1022
3976
850
5991
3979
8428
3363
5880
6108
2077
7620
1295
80
98
7628
5917
8055
3557
4964
5232
3135
2885
3020
1070
6091
6045
953
4129
1099
7935
6788
2121
8263
7639
8112
2243
6067
7827
8123
8528
6256
2095
9823
6336
2193
3804
2253
248
7361
7218
1832
6849
103
1204
4271
2546
7250
5225
3027
8349
9512
9815
6822
4128
3806
4934
2723
9874
9113
846
8402
5369
9293
4577
1705
1486
8381
310
8087
2095
7528
9919
8944
3983
1124
3215
2881
4726
4792
5908
9427
657
2076
6249
4785
5882
7535
7508
2108
3000
4706
510
8369
3999
1440
74
1837
9821
6736
9924
8268
4265
6196
7212
4600
3672
6780
3834
8398
1572
6094
4177
8581
8170
6778
9718
405
665
7226
2513
3665
8284
9376
2034
2283
816
8460
473
6989
5196
6749
5258
5813
2945
8822
414
6617
5602
4248
1367
3527
342
5544
2108
4865
2322
1827
5270
2987
5405
4135
6652
3690
3511
5038
2325
679
3498
9150
7669
8695
5900
2927
4508
8845
1749
1274
1815
3704
1874
9534
7231
2217
5079
5691
3434
3753
3870
5056
3093
9276
9191
6097
9318
9055
1136
7995
9734
986
7146
7403
9681
3046
6682
542
8243
4784
1816
6410
4840
3691
5945
2071
2260
7376
4114
2046
1129
7985
7102
574
3613
6293
3024
2931
1700
512
7278
1435
1498
4424
5190
1180
3822
8225
8074
2066
9361
9890
8476
4201
9933
773
2624
8545
8149
6738
591
5631
1075
7693
6205
1040
339
9229
3971
2039
9741
7602
9826
7592
2026
5017
5124
5849
3242
3198
4267
8955
9440
9095
3156
9374
9869
2132
4271
4370
5222
4863
1
6298
8908
2559
7338
9247
8140
7662
7639
4234
5264
7465
1826
3642
2482
6950
5843
2076
6500
110
1031
5940
5558
539
1666
1779
2671
5938
6149
7894
801
2503
544
9709
5062
7882
5309
9554
1896
2948
3788
3512
413
5614
7155
2896
8916
9350
1324
5416
5813
8708
1357
1371
9247
3023
3150
1919
5313
5651
6165
6114
4506
6709
2176
9568
943
3837
9123
2840
6785
9263
2704
3550
4878
6211
2798
146
5562
4123
5563
1375
2831
3272
9098
8430
6295
2248
349
7961
4251
2866
427
8758
9575
2603
4678
519
2792
153
9711
9577
9417
2415
3128
647
4979
5926
793
541
6401
6356
1916
5584
5980
1014
4015
8628
9614
716
6589
217
3583
7016
5327
9510
5972
6
29
8764
159
6092
4694
5928
4860
4174
6575
9839
6452
3721
380
2854
6429
8648
8438
2410
6014
8805
1038
1980
9522
7627
8549
3105
4643
3877
2615
615
3883
8997
5732
394
1441
426
6323
6301
4600
9250
2492
7404
2971
2872
258
9401
7872
5049
1811
238
3854
2849
2218
9728
6828
7120
9185
1471
997
8153
8439
4880
7150
523
1626
8591
949
4301
1245
1901
3552
3737
5657
2875
2962
5916
2276
7186
7317
439
7425
7523
9640
5995
7252
6468
3115
2789
4292
4112
942
9083
5344
8092
9606
3323
3036
6907
7624
633
5160
7528
4370
817
404
7332
3085
9032
871
6754
5824
8296
4278
5464
643
7882
8285
3759
671
8929
4223
1614
8012
9568
6058
3970
9243
5446
877
6867
6079
2389
4396
6802
3206
1152
486
2644
6536
1357
9398
2360
9653
28
4177
297
7910
2462
408
4934
1391
4631
2900
5755
551
5310
9725
9794
757
6954
6662
6836
9343
7410
9990
8901
4914
477
1545
1450
1834
944
163
7840
7324
4340
4489
1587
3154
4897
6521
4545
9528
5773
6652
6432
1083
6377
6226
1840
3331
9240
5029
2674
3002
5019
1575
7916
1848
9473
5719
3683
6769
5882
1523
4093
222
2364
5680
3376
7261
8553
4273
3141
4326
925
9573
5410
3654
5800
3602
6985
1392
8631
6011
4395
3
3938
2311
1851
3411
4382
1886
180
264
9761
626
6838
2125
6306
6566
9386
4860
7191
2528
5538
4468
2101
948
8122
4253
4551
1459
5646
9534
3822
41
5889
7761
8704
7741
7524
3087
9627
4057
9703
9389
1035
6542
1514
7341
9460
901
8553
6652
9781
4092
1120
8234
1392
5595
8840
2295
7054
4486
8182
877
879
4071
4990
5935
1812
8866
9022
7792
9275
5078
3533
310
7972
5047
4004
7432
2300
2557
436
8433
3001
1557
6668
746
3504
5508
9393
558
6346
7575
7787
7225
7999
9129
3160
9811
4348
8535
3955
3623
3613
7488
3934
7937
8888
7938
5369
1188
6847
5806
9622
6201
3715
2642
6947
7219
4502
2692
4129
848
268
1917
4425
8267
7398
3937
4430
1746
8824
4738
5370
8789
2226
5656
6726
1114
9946
2096
8655
6793
7902
4629
2994
7969
3623
6293
5188
8125
8986
9317
8973
5606
7586
9750
3873
1337
3687
4655
9435
2512
9393
4805
1301
7972
6813
8028
5438
6759
6476
445
3553
730
1426
2899
8699
5049
9193
239
3174
4531
5908
8499
137
9847
8249
362
1184
8289
5017
619
801
763
1777
8454
5087
8590
2834
6877
1702
9310
7323
1607
40
8749
4506
8739
3799
51
5330
3325
4582
1239
8177
4719
1086
6426
5081
2270
1067
6451
9241
8220
3566
1018
6675
8653
5961
9509
1882
7663
5172
9205
9270
5212
4307
128
304
4458
180
5634
7783
1114
6873
2312
2186
7959
8739
3619
6581
6158
70
5823
4379
9988
3193
1054
8641
9154
6915
6876
6817
2087
6081
2439
3652
6740
2568
3956
1198
9100
5942
5334
6566
2816
7646
8752
7127
2737
2372
3709
8896
8794
5884
3275
8783
9077
681
3776
8232
7596
652
1401
6036
3086
193
9688
9826
9113
9996
7377
8213
5938
2711
1131
5106
6709
9884
2234
9447
8608
2295
8343
3754
8179
7970
8889
3608
8651
9018
1840
2599
6022
9594
8635
5460
9787
8323
5287
8900
8319
9016
3465
4258
1727
4596
5716
8436
832
7950
4235
5792
6597
2578
5899
1128
6900
4788
4737
5551
158
2929
8151
6181
2523
6786
1641
8662
1462
3280
3914
6133
2296
7379
6743
375
8328
2460
5164
5512
410
9399
1305
3360
8330
3556
4488
5230
4696
9225
7134
4855
2155
5285
7388
1030
8423
5381
9693
6237
8662
3607
2371
7310
7339
9114
7686
5667
1574
9202
1179
8337
8601
8836
1697
6931
2392
2537
8514
7089
1763
5648
8296
270
933
5684
1300
5708
7417
7345
1946
2431
7305
669
9742
4644
6135
3780
6663
4062
2982
7842
2399
1583
3031
448
4867
1775
9337
3381
8864
1100
9029
3512
1370
6314
5548
9023
8374
2966
6368
6672
5397
3673
7341
1491
4669
3477
5271
1332
7539
4605
9175
6290
2541
8558
3090
7408
333
2427
789
5550
3528
6170
9062
1250
8836
963
273
7210
3929
2994
3883
5678
3019
1224
3522
7689
1053
5145
9021
8592
9751
4548
1234
2292
3106
4324
6052
3440
3104
3193
8990
6632
9363
8052
4234
8199
5367
860
5409
9296
206
5644
1327
3225
6869
4849
914
4274
9994
9936
9219
6097
4484
453
8389
3943
1130
793
7383
4234
3986
6373
866
9701
777
1452
7900
6145
8664
9662
1793
8870
5306
9472
2096
8527
4321
9362
2802
668
5650
2021
6765
6487
8826
1507
430
9956
2300
7813
4190
2639
538
1408
2340
1315
2861
6593
3812
1525
6255
5606
6748
7913
1430
8844
2793
5752
4558
1947
2772
209
320
5889
6696
9146
3748
7126
9103
2401
1291
9645
5040
1829
1054
3732
9496
267
325
3309
8144
2932
5267
4892
7198
6697
88
9991
8801
4647
8290
1573
4856
8610
3815
7904
4108
3915
1382
9563
6316
2673
9209
7708
4502
6615
1441
3998
6882
8118
7307
5026
1051
8926
6271
4601
5624
6359
4592
4425
7358
9234
2351
2214
4196
6166
6470
4656
81
7852
4220
2750
525
9781
6810
5027
6396
8251
5378
9630
2722
9037
1008
3773
7964
7279
8374
3588
9991
9318
4365
7349
4904
6716
5916
9100
9234
2386
3756
9316
239
4328
8418
764
4109
5228
2144
6857
9832
3874
2839
2554
2911
200
2679
7227
3831
7405
7167
3822
6723
1533
7524
7979
4601
3440
7079
3836
2178
7187
9504
2417
7868
7922
3182
8329
3150
1678
1539
2982
5552
4378
1888
4815
4578
4567
8395
8410
1972
5562
8584
5047
3447
6108
3026
8049
5900
6457
1885
8079
9997
1389
6848
7865
5663
6382
6194
5165
8060
7733
4500
9964
8464
6388
1132
9394
956
9527
7804
9280
5089
2741
4328
4889
5201
3706
2938
7454
6516
1175
5533
6513
8916
8733
730
4579
5116
3276
9744
3176
1010
4244
9493
5826
6985
625
5220
7941
152
9377
7221
1593
2118
7901
6482
3671
7960
9420
1125
4476
6947
3010
7341
5863
1744
8071
6794
6860
1347
2891
6388
8709
7135
5881
4535
472
6506
6108
8413
6658
5485
1987
8252
3955
6240
1086
7626
4200
6859
5104
8676
3806
4466
2369
6022
2562
440
2816
5774
8140
2059
2163
3201
5547
4396
4089
6019
903
197
4433
3913
5682
2772
8517
9637
9012
9604
3615
9565
6463
8719
4593
6621
3186
6963
2643
2100
3755
1812
7875
8247
3871
38
1449
9418
4434
1890
5438
1689
2087
6223
5603
7769
5347
472
3758
711
76
7373
276
6539
2445
1222
3161
1983
8185
2156
4083
8292
3968
1958
6540
4192
1996
4341
3610
2783
6231
5400
824
4670
7975
6427
8791
3322
3252
2549
386
3328
6274
662
6220
8719
1884
5733
702
6421
7889
4786
1066
8210
6744
7606
2402
5093
8299
2364
4228
882
4117
5052
1904
2092
7832
695
1767
1084
3244
2153
4412
9518
9167
6984
4590
7404
2717
5292
3825
6959
78
1243
5169
3175
8849
3923
8268
3500
2639
2496
734
6756
7548
2638
5201
5380
3333
3320
2816
2929
5473
7229
8800
992
4213
3390
8396
3283
5034
8574
242
5113
9817
1763
4640
5019
5686
2908
4871
4677
1756
5606
1434
5656
4596
2987
7389
4282
6307
205
7211
8132
3786
2363
9124
4352
5753
3873
7635
788
8799
7877
2253
4968
5992
3245
6339
8030
6153
1211
2707
4261
3169
493
6269
4117
3480
3658
8399
9787
216
5611
4271
4002
7974
9748
8354
80
9973
2341
7220
8772
6570
5825
92
2562
9070
6432
592
1575
3995
9652
2188
3516
145
8457
7633
9978
8468
6033
6117
8684
7996
389
9038
2322
137
3745
8754
110
6086
5974
5234
2657
8151
5326
1571
7221
8110
2164
5148
2105
8168
7336
1973
8313
5794
9607
8291
614
1992
4409
9298
6340
1150
4688
8662
1287
8433
7417
7749
4520
9743
9335
3529
7895
4661
5100
1468
9124
3616
6617
7581
1784
305
9555
6450
6099
5514
4741
3065
7506
5502
2363
198
6652
3404
8860
4291
1837
2629
8392
2709
8725
7727
2590
6620
8741
7691
4440
7865
7659
7409
5446
9444
7715
5001
5894
166
6867
6987
3232
725
8842
1947
923
1846
5351
9784
6138
7189
8765
4530
6250
7490
8610
8841
462
7351
2884
4903
5216
543
2312
7014
9987
27
8368
2233
6546
5235
9221
9778
5961
4415
1725
6884
6261
7077
3020
8751
618
1786
9634
3220
5628
8244
2061
6091
5595
4945
7346
7163
1841
9658
4177
1828
6038
2545
414
2584
7781
5987
8714
3742
402
6791
6978
6663
220
9999
5415
7190
8137
5049
411
3765
3293
8824
9856
5240
122
7202
2403
1963
3213
2932
3791
5603
5478
557
4539
9611
6544
3253
9705
6946
44
6683
3610
6617
6682
5377
3807
4819
6778
4218
8585
6423
3043
4793
1663
3165
8348
418
5128
1561
3350
5271
7164
5180
5829
8055
4791
2373
1308
4496
5672
7704
1180
5634
4321
4214
1011
8129
5386
7789
8699
323
4212
1742
5116
2227
1259
3464
2645
2739
1377
2347
8011
8541
7528
192
6596
2319
8917
4256
3168
941
8313
4348
6575
2634
4914
7586
7115
300
1727
5815
6975
2291
3909
2092
4518
5169
1908
3515
7908
3286
5863
2271
8179
3391
8815
1128
2062
4085
1736
5230
5026
49
5930
1602
9036
7197
9188
2503
3849
7268
8318
825
9559
8580
2917
4078
3749
1177
7593
8009
4463
3456
281
8995
3199
9096
123
5262
3181
8211
6844
8208
8261
9127
6162
3649
6324
5350
6152
173
8970
823
998
8530
9403
267
2608
9504
1445
6553
7513
2260
10
7794
1255
9561
3243
7730
1175
6424
2294
8020
984
555
3499
3498
556
9823
5201
6708
9996
4171
3883
7347
2701
3286
7614
1661
2790
5411
8215
304
7672
4577
4450
5279
4138
7693
9362
1666
470
1656
9686
7806
8563
9537
1305
9119
9360
6506
2179
5708
677
6063
3055
9731
5701
7022
1392
4844
2433
9607
1500
6457
4184
5950
8089
4675
9996
3803
6341
466
5459
2379
8272
374
1916
5929
5845
1276
2435
8024
3336
9465
439
2744
9196
2493
9766
588
3689
8551
196
5189
1361
732
7491
5802
5407
7487
9605
1748
7953
5064
479
2578
1790
2395
8507
7635
23
7295
2011
3360
6760
8803
2456
2308
1296
2222
2896
1337
7125
9444
6526
4838
177
4017
640
1936
7857
245
37
5810
1661
516
4740
3451
2912
9600
1086
2935
6895
9450
2647
7
8253
5103
2315
9549
3677
1563
7238
7155
1008
3764
1993
7537
4133
8986
5825
1990
9231
5862
4153
7245
6379
8893
696
5643
8493
8135
4930
1740
7585
3930
1747
5838
9033
414
1739
9063
1978
8977
6218
9338
9093
4563
3227
3226
9901
9052
1569
5485
1267
2074
2730
3998
967
9778
9641
5813
7913
4571
3905
1850
8501
2005
7688
3887
2419
5779
9302
749
1108
1872
6439
201
6435
9666
9780
2689
5071
7701
8174
6338
9775
904
6688
7094
682
6329
9259
4948
7252
3165
6798
2106
5170
839
5993
3941
6618
5295
4691
4079
3519
7482
632
9954
7149
6764
8995
8572
4465
7169
1262
592
8073
7950
7687
8756
631
3298
3704
7883
6463
6854
9989
7985
7693
2334
1927
664
3981
2970
4743
7500
452
5375
3807
3953
2140
2802
8877
2957
9972
139
3550
4397
4441
7589
9505
5072
7239
9561
9308
3703
6416
9297
8040
4109
7984
6319
4773
1965
9289
5868
5818
6094
1244
9625
47
9736
8779
5277
9045
8751
1768
8947
9501
6210
2888
9006
7634
128
8568
6942
183
4984
2592
8223
9093
6928
4543
219
5245
184
6087
1063
6278
3683
7040
2678
9771
5820
7955
8817
923
6075
4116
424
2285
7005
9431
6272
7133
4351
9566
3668
9335
2158
1891
4780
5438
2786
1351
684
9323
3791
1747
5601
7474
5140
4631
3598
7312
8938
8767
8235
5014
2883
5012
3651
9888
795
9923
3373
5146
5842
7041
833
4352
5285
5613
9791
4423
3317
475
3746
7108
8574
5700
4582
3714
331
4532
1026
5622
3299
5614
636
6183
6978
639
2423
4125
6915
2149
9271
2757
5542
6456
7109
827
2069
6900
1603
1738
7375
5349
8846
5950
7401
9781
6016
7733
4313
3395
9707
7613
9009
6695
148
2339
7334
2571
6464
4249
4720
2087
7006
6615
8543
468
3794
6964
7368
5397
8703
1096
7099
7549
3398
4500
7330
5766
8585
1644
9161
8292
5609
4522
4987
5757
6861
8674
4680
3325
2923
5753
5412
6282
2368
3955
6750
6162
920
470
1560
5975
7918
5011
3524
1316
9511
855
7083
4449
8851
6244
2741
812
7119
4081
6569
3980
2755
7601
3658
2030
3354
9070
8312
2074
9378
1414
8237
6650
8237
6149
2625
6155
1160
2501
7472
7023
9708
907
1472
4911
3503
566
5723
622
4647
8644
955
7402
6246
4613
9432
5952
35
4097
8027
5765
