2627
1384
5255
5286
6539
6881
2255
9963
6991
3509
4940
2337
2412
6224
658
8746
6565
8460
3788
9596
3395
7161
7387
9647
4357
4349
5881
1249
2178
5122
5135
1157
2858
390
6443
5749
7271
8698
2064
4263
8559
7004
2952
7324
9581
9963
2422
6146
8423
2562
2094
1818
9723
9482
7817
4080
183
3698
1682
2361
5172
6817
9871
8031
7207
6314
3780
4478
1365
5845
5093
9924
9201
4398
3600
8782
4361
6022
4929
9136
8585
3375
955
8308
9209
5124
8741
9393
5175
423
8106
347
7240
7977
8378
4447
644
8511
5277
2009
4356
6723
8285
3557
1121
1886
8692
1834
4260
9973
970
2845
3348
8277
7506
2558
3402
6247
8303
8577
6670
2761
5276
262
7091
3655
4709
7735
8518
6338
9744
2874
9413
4381
2783
6886
6267
1475
8720
6880
7800
9691
9725
1149
4320
3583
59
7722
6182
4714
2651
2852
7475
4280
3114
4566
7935
4175
8653
2805
6866
8397
5679
6279
9131
4814
3166
1750
2642
8238
8630
442
4281
4708
7943
8602
8291
4354
2676
4474
9068
1680
3678
2896
5960
3145
7462
247
3672
6116
3052
6890
865
5083
9522
6348
9897
9040
8099
8891
7278
6729
5686
1560
1437
3629
162
6081
7984
9190
555
3404
870
585
6300
6830
82
3763
7077
3755
6231
6481
645
3448
1564
6519
9797
7814
5559
7896
6705
2838
977
8743
750
2415
2373
7264
8496
6709
6454
5403
113
7325
2340
6414
507
2423
6529
3937
6178
9112
418
3175
2560
1983
9695
8709
6149
1606
2957
9206
4444
3935
7950
5194
2702
323
2458
7550
3384
8913
9305
3497
2590
1645
6263
3097
4068
2792
3386
6598
8256
3805
6126
817
2140
2173
5878
8289
3779
8836
7495
8224
2771
1797
9770
1825
2120
8581
9375
1856
3846
8680
1706
6436
325
7969
5885
746
7114
9272
3696
5370
9429
9822
2539
7921
8347
8418
2562
2127
3606
6409
6703
6377
8207
2825
4554
6679
1406
3929
8536
5252
2609
242
8040
9286
4563
278
32
8029
5902
3729
9752
5331
9903
2291
3252
8251
7061
5814
6730
667
2223
3433
3396
6782
6258
7950
3462
4017
8231
1998
5621
840
8592
3662
6479
3155
292
6511
7537
6194
6592
7289
7877
2848
5932
7481
7451
2994
9647
4181
13
1870
7614
9762
5005
224
4064
8467
593
2296
465
6215
9488
5409
6229
5967
8564
6521
8831
2453
9067
1775
9742
6944
4623
5675
4425
2074
5021
4072
2607
1386
2294
6573
1148
7299
6798
1565
5766
7391
3861
2583
9958
9701
7992
6187
2021
2909
9060
852
1714
8127
8979
1457
1423
3603
7132
5848
2029
8505
6272
4637
9891
4919
1210
7392
2218
4360
8957
4337
8104
9170
3272
8062
8871
7617
602
892
6878
9662
8096
8592
4142
7076
49
1917
7031
3533
4118
5412
8390
390
6401
8282
5309
3964
5674
3880
8324
983
4569
2780
153
4193
7195
5376
1810
7797
2621
5040
3811
717
3633
4305
7793
34
6223
1176
9920
341
6589
8310
7083
2990
2944
8745
6954
4970
2625
1631
5953
3546
763
2458
7739
7958
7835
5902
2107
456
942
2271
7525
927
6576
1671
962
9151
2847
7234
5844
9436
5544
2928
8779
4841
1673
5733
9811
650
3716
5765
4196
4480
4575
8287
8790
8762
4189
898
5570
1484
3169
3096
2411
6097
4767
9725
5249
7614
6959
7445
3403
2504
373
2182
7345
8398
4267
3508
9048
7984
5625
9596
8816
201
4236
7606
8963
4777
4856
4534
6261
8025
3982
8673
475
8749
4750
2076
2715
1710
9521
6118
566
9895
4652
4263
4645
8920
7771
46
3256
3397
9642
8424
9950
3878
6030
5265
5008
887
6151
1269
5264
133
6294
5739
5234
1045
7815
7950
2755
7337
420
9673
3584
1425
3936
4581
345
1707
4627
9953
1456
4270
8377
1406
4500
4407
6672
9508
1646
9175
7130
3263
9309
3424
9002
4543
821
3170
8845
3576
6859
5618
3249
6795
7043
3537
1376
7388
5245
6004
3693
3053
6626
2070
812
7478
2829
3836
3339
828
3011
469
4091
2320
245
9445
3216
1067
2615
2061
4643
9474
7679
4245
2621
4722
7782
3998
8462
9379
2
8507
8785
2980
577
9597
458
9759
9785
3797
587
2796
4266
4678
1469
4512
4123
4685
1931
3091
3098
6574
8917
7130
7171
1539
8204
1306
5537
3019
7037
1891
1526
5822
4871
8456
5419
5329
8215
1556
5479
8802
4353
9745
9832
5822
609
307
6859
8892
3398
9957
5467
8668
7087
8990
207
5292
296
5744
4663
7334
3987
6189
9508
8858
4645
1280
539
2860
2836
6018
8014
7189
2116
4198
9363
9077
858
2574
7970
608
2532
9789
9276
5971
8779
9483
7615
5428
1579
2278
9114
5566
4820
8622
4424
9465
9902
1316
8678
9091
7334
3044
2632
9450
3595
1996
8528
4453
4570
2850
5061
3454
2639
4338
5778
7770
3821
9745
3198
1753
2024
8664
7319
6844
7287
8096
2661
3541
9412
7691
8984
6746
736
1617
2549
4331
9965
7429
8784
4535
279
197
4342
2918
4535
6472
688
4709
6217
239
6462
8241
8903
3781
1437
2542
8229
451
2436
7641
8142
1420
740
8878
3037
3289
9561
3002
7070
8345
3890
7349
8543
4584
6619
9430
1056
3659
4139
7273
3898
6953
1867
9154
7087
9656
1696
5316
107
4132
9310
8250
5553
50
3480
4942
9691
3042
7945
3113
7739
8187
462
2634
2771
3433
8417
3827
3444
2556
1100
7343
5862
9319
2849
2949
8976
897
4617
9083
5030
3927
3685
6935
3977
3518
1877
20
2912
6174
3133
7003
4361
9947
9638
3484
9732
4407
7311
3177
3315
4764
520
9177
4083
9721
2126
3059
618
6744
8495
2000
7023
8532
8935
1001
8402
7165
7373
1314
9691
6859
8318
4053
6806
4308
7537
6539
8715
1201
9716
2030
5965
6588
7560
6400
2661
9686
5812
3279
2782
659
5280
9806
9191
567
7159
7594
7732
884
5260
7424
7743
3578
7829
902
4238
1718
7441
9305
2919
3509
1336
5236
6449
8896
7989
9110
4934
3801
2389
4069
4460
4021
227
3
4589
7386
3949
2321
4622
9210
6097
2366
9140
3926
3268
3379
1997
7061
2684
1268
6922
372
6505
3371
5620
4494
8833
6907
4647
7574
7328
5459
1596
7555
5462
6185
1293
9412
4858
5915
8622
956
8281
4114
1234
7901
7493
3231
1314
6530
4500
8236
3254
7357
7959
5227
8203
3144
8486
9202
719
5814
4661
2315
3369
123
4852
4662
5887
9710
6929
861
7018
5211
4976
4605
9464
8821
4188
779
1703
5040
5367
1310
2397
9679
2889
6952
2823
1375
6154
9894
3541
7167
8561
6910
3643
3413
7924
9530
9476
4853
392
6494
6416
1720
7451
2233
6893
1640
9364
8597
6680
4731
9907
5430
762
2796
2382
9938
523
4889
9832
4064
2056
8394
7326
2051
8159
1602
1582
7635
2807
8326
4130
9224
6398
1581
7809
3291
9573
7173
1888
6254
8256
8147
8036
5371
7295
418
5309
7818
1659
1493
8234
68
9887
5560
2119
4399
7162
53
2034
9970
8379
2516
5546
1129
450
3355
4421
23
528
2661
2629
5136
809
665
507
4456
7436
2168
8627
9095
3662
6861
5515
9901
2422
3987
4300
9584
4040
6335
5906
8772
8851
1452
9901
9301
1159
674
5677
1687
3336
8306
3176
497
8972
3683
4953
6408
5852
3580
1855
5866
442
7371
5767
9216
1358
68
8800
1750
2755
1059
522
7958
2511
6776
7260
3671
7450
9289
1710
786
7595
1238
1283
6567
4922
2589
9327
7126
6169
1183
9344
6611
4906
5111
5827
2616
1531
980
4366
4286
2039
1241
2245
902
8017
5857
925
5467
1498
2636
2606
9093
3874
241
2013
5148
2830
1340
8626
9000
8875
7970
1963
3781
9434
4143
6397
7317
1475
7116
1604
9866
8357
201
768
6374
2410
1694
8193
3908
682
7151
9353
908
7393
1366
2409
223
9059
1035
9223
4286
5358
7539
4420
1144
1682
817
8461
3157
7933
6417
3023
2642
2970
143
5368
5380
1837
3562
5640
8871
713
4994
9780
4458
2712
2189
4682
8123
9576
257
2410
1286
7796
6830
2430
5830
3999
892
5339
8285
3661
4714
7279
6632
4858
2648
8364
3047
2562
357
1919
3275
1703
8051
4086
767
6592
8768
8891
6168
5377
7653
7455
9526
835
6237
1708
1186
3481
7048
5823
7143
1762
3103
127
2972
5751
8491
2372
8313
5200
643
7940
6903
8694
2026
7671
5286
7146
2914
7806
8876
567
1613
8402
7754
7851
110
8940
1332
7158
4764
4827
5273
4219
4954
4597
9970
9798
6969
4635
4998
7612
2575
1902
2658
954
9573
4296
8100
2487
2103
3328
9406
3716
1730
7160
7919
1841
2452
9252
5351
3568
431
6976
7787
5386
1574
7757
5184
4895
2392
182
2508
1320
8436
1518
2274
4361
5815
6726
3200
7918
55
2606
7986
8137
6118
5906
6330
8571
1510
8034
8491
1941
5010
6279
7327
2936
388
8863
4184
9133
5398
6692
453
3834
4562
9079
4548
377
2157
7748
8295
8564
355
2634
6702
2825
8540
3032
7748
6402
7418
6240
8343
8781
2519
2023
1717
2907
7238
5901
2040
2636
8945
8845
2823
3508
4276
7371
237
6434
5119
8533
4998
1826
7519
8052
1004
2411
7437
8752
8813
4855
4992
7156
3636
7511
5531
1706
6771
2770
3959
5163
1758
9257
361
4581
9117
4637
8304
9354
7423
3424
4239
8774
1602
1758
6826
2606
4169
615
1359
2982
1823
2703
6491
5459
215
8374
3517
3338
1144
7477
4853
2903
6734
5214
3836
2203
6204
2141
1557
3627
5565
5797
2401
3519
7555
5580
2478
1725
6195
3837
1059
8018
6540
3902
9830
3107
2277
3347
2797
3421
7176
7651
2676
262
9217
6513
2465
5421
8654
375
9049
571
6172
7802
4090
79
3382
2920
8156
5930
6757
9216
300
9650
3118
6482
9109
1747
9830
8259
1521
3358
5910
4197
3621
1479
710
2438
6901
5716
2813
2302
6287
8985
104
6730
5417
9839
9650
3573
2121
2760
9141
2421
8762
8612
8904
4223
359
5086
8834
1880
8444
1096
2430
8417
2576
9492
856
9477
5209
21
1779
7848
5359
8235
930
776
4426
6933
4349
6547
6045
9843
8969
4807
8455
4225
5382
8814
9311
4217
7047
4107
5313
9477
8877
7889
8969
9733
3718
530
6106
1849
8379
1465
6437
9309
2241
863
2594
2943
7411
8639
2786
2732
9798
7593
6957
5181
6407
2620
5750
9806
3079
7415
5635
1956
1657
4605
8041
5375
5135
4148
3577
9866
5613
14
5528
4207
7229
8122
7150
4640
6762
6288
7372
6560
3881
681
8093
6640
9653
195
2799
2733
7611
8434
4689
9268
3039
2731
995
4527
6879
4572
745
8844
938
6273
3051
8168
4396
6553
9160
7510
9193
6533
422
9426
3566
4868
6067
3220
5063
5218
5953
2674
3652
642
8294
3044
9725
9290
7571
2956
214
8316
1801
7505
942
1204
5673
1690
4110
4833
9200
3303
7718
5974
9082
7637
842
1501
857
2258
6719
6810
4932
371
3804
3227
3415
9882
8869
7338
2838
5435
2007
991
2940
2949
2196
8613
4639
2658
9799
191
2313
3869
6165
1395
1506
3360
2896
8715
5618
9615
1877
6902
6339
5682
6481
6106
1916
5350
3445
4754
786
1804
5746
78
4753
4294
5044
9392
6952
4843
5935
9265
5064
2100
7013
2923
1812
9909
1638
7430
5877
3516
685
8568
5550
7166
4674
7466
8869
4471
2220
6007
6275
4318
6085
1028
8612
1129
6772
1916
2324
2707
7534
7389
1160
4547
312
2972
808
8302
6755
6685
1818
3792
5253
7368
958
9928
4834
6179
4399
3407
2186
675
7725
4624
8055
2690
5753
4828
4606
4430
3887
2140
1819
5047
3039
8483
4372
3848
6785
7479
533
8604
1271
2139
2324
8581
8419
7159
4761
9170
6918
3299
9845
4643
7923
4253
3685
3677
9081
8292
8107
9320
6784
6278
4368
6176
1113
5092
24
7898
2571
6909
2854
194
9048
1531
8775
3819
5042
3536
2990
1960
6836
9187
2955
1111
3440
6641
4788
8873
1285
9247
8194
8069
1877
8914
597
2990
4006
621
7241
2929
3883
6447
3123
2931
7978
8250
3103
3020
8139
6093
1332
4975
5280
4288
2438
8721
929
3579
3946
2214
2826
8492
6635
1056
7406
7233
398
7764
7854
7639
693
1737
4087
168
1021
8417
8419
4124
7790
6558
6569
9122
7885
1849
3410
323
6922
4339
3902
7221
2905
3081
5713
9541
4137
3120
6774
4535
884
980
8527
7930
9070
8966
4450
6443
7383
2869
6919
1525
5779
3488
648
16
1689
410
340
8612
4750
594
5833
7655
3675
1546
3548
4164
1018
6674
5052
8255
7655
9931
6185
3077
8897
6987
9520
2632
9857
2791
4158
1988
6279
1158
2005
4320
1568
8697
2932
2670
9291
5117
6678
9319
3016
226
9835
4034
6901
1239
8641
908
1170
1178
3985
6419
8166
9857
9052
4375
2648
9562
6363
5279
7072
4720
9599
8640
3417
8884
7663
9061
353
4341
4732
3369
919
4567
3756
7820
2159
2397
5080
3329
3576
9065
9749
8094
5274
5153
2469
4274
1067
5184
9553
8139
9905
5505
6779
9674
4389
4442
8735
4742
5135
3467
4464
6055
4387
8220
227
6546
6969
5308
9875
6897
725
5976
4991
6000
1129
3812
6626
8548
8997
6180
6687
5254
8037
9819
4928
2426
613
3664
3520
5749
3483
4336
1804
7870
8908
8383
4416
2230
43
644
9127
769
6620
471
3121
4102
635
9747
2650
5984
2279
5690
1238
316
5509
2519
9094
6122
2535
8967
8223
6018
9655
6379
241
8564
4763
1009
794
4806
1653
6273
1927
4626
3096
5048
5080
3732
1148
4082
6068
3427
9772
3659
96
5281
6178
5542
7756
5065
4509
5979
7435
4165
2359
7676
9081
7122
8686
9875
8280
6691
2500
208
1317
1949
1608
2749
2033
2756
6832
8101
2536
6604
1760
8984
8238
4290
4526
2346
5707
9036
8325
3143
9553
684
7171
8634
4158
2209
4861
8791
8901
3713
8999
6570
5662
607
9320
7695
9716
6152
2149
8604
9108
3909
7588
3698
4552
2114
6044
259
1150
4370
9754
7055
1406
6926
5689
1917
9135
6902
708
4388
616
6059
959
6278
3018
6631
326
2734
2783
2475
7690
8243
2736
5278
1942
3640
7393
4338
252
4895
5060
6
1951
6467
3284
3992
4736
2420
895
1796
6808
7863
7855
4119
493
873
750
819
9960
9885
3294
7650
8129
6031
9281
6423
6023
6674
761
6275
7921
5822
6282
9872
8641
9566
217
3377
8338
7464
1525
1499
5327
9380
5618
5820
6605
6369
2992
2917
2606
6286
6920
735
8669
6201
3510
4693
2875
624
968
796
2798
3602
7021
1439
9521
3590
1168
7859
1054
2693
9358
6381
8425
1329
8553
5030
4050
1545
4300
6656
4184
1220
3744
9205
7421
7254
3898
296
7878
1219
7444
676
1173
817
8467
694
4407
5987
8554
5461
5032
4264
8194
3457
5593
6748
4840
9643
4645
9140
6300
8829
360
44
4387
7781
3650
8285
4429
7881
5856
1873
4909
7030
2691
3377
4076
7098
5716
2630
8912
749
6895
7106
4206
8840
206
9046
8484
1204
4538
1136
33
4898
7532
4420
2679
1182
9058
3460
9063
1266
1686
3973
4648
4377
3702
8725
7827
9418
7707
3091
167
4602
198
726
9795
6756
6124
4631
7960
663
5767
4346
5561
3299
5118
4593
833
528
8053
9897
1795
6091
222
6443
468
276
1520
4648
9694
9228
4091
6214
182
4289
3292
9977
7398
9416
4608
5358
79
6727
9704
1993
26
1175
2938
860
1703
7343
7109
3498
3435
3683
6294
255
3959
7814
1255
5
3394
5347
6219
3577
5988
9511
9906
3386
5280
4515
8745
5359
7594
4801
3704
3973
5976
6642
1185
4032
338
8294
7530
3773
1977
176
4028
2288
4343
5284
2293
7737
631
4865
7666
6619
728
7573
6
6008
8440
5103
7720
2386
6256
1424
6359
8585
4419
7544
2617
4757
5838
6499
8530
4167
3028
8910
6455
3723
4194
5101
1460
1177
9966
5479
4149
694
9404
507
6703
4196
1962
775
6582
8218
2199
2942
3155
2970
486
2124
7727
2677
8624
2609
6844
8004
7872
9652
1727
2066
1105
9539
9596
1071
5018
3745
8117
774
4252
4820
4970
6214
1947
1553
784
4147
847
3940
3469
1333
2416
7549
4010
7392
6510
7207
5396
4382
3211
7123
2801
4316
3015
2397
1739
4385
2494
9856
5160
3098
1029
6482
5664
2976
8035
6448
7123
8882
6740
6945
6568
9157
4494
6930
6549
1004
4137
8298
1739
3700
1773
4540
8016
4788
3289
9755
9174
5783
9612
4334
5233
641
7168
897
3617
5204
3697
7093
438
6790
390
3358
2299
4884
289
5200
2240
4426
3498
331
4479
5272
4871
2495
60
8160
8603
5586
295
8215
6272
1880
5208
3441
2777
5177
4997
2827
8622
5435
9617
9012
5146
1916
248
5435
3468
2489
6213
6967
2820
692
2239
4044
3188
8651
8556
8143
590
5204
6358
6862
7084
7918
303
6214
3095
5300
9041
1718
7088
5010
7082
2234
3278
7331
4021
6746
6172
234
65
8992
927
8656
9388
467
7308
4297
8610
7898
9501
1320
1112
2937
9238
1416
9151
8685
3068
4544
6755
6508
5906
3838
8742
9184
1169
2763
2283
7341
9350
2348
2685
277
1005
8426
7096
4665
2723
5706
8915
2224
3378
27
5161
8968
7795
665
7653
864
5209
761
7372
1116
951
2467
6652
2120
1582
5287
5813
932
7636
4850
7561
4993
3276
4657
9658
2351
6715
4925
4575
6445
4952
6089
5413
9100
6754
9419
6316
8315
180
40
5783
1131
2507
8788
9603
442
4075
1768
1374
1711
6618
5288
3056
6247
6297
9066
8598
3013
3991
9526
5810
5296
1967
1224
4396
5073
643
712
3388
7175
752
5524
4658
9612
4312
4261
54
8387
2381
7780
6451
5351
3068
9507
1598
5718
8574
6549
5083
2565
6075
893
4213
4394
2117
8609
9467
9112
5673
2855
6287
6426
4731
7297
2390
9043
1558
2444
3783
291
6576
234
5643
5997
6093
7241
1715
4667
142
6798
3585
2569
7691
4150
6963
6161
2760
6430
5273
8433
5638
7913
1211
369
5210
9953
5765
3121
8749
9548
3412
5326
6134
5407
1323
2227
9001
9390
3247
9143
6188
3184
1713
231
7334
5028
6392
6446
7811
8018
1232
3449
2283
8795
170
3845
8749
5935
6966
7498
1835
6731
2824
7969
2138
499
6549
7491
6241
9796
6635
2429
9332
4700
9013
3018
9728
1757
9465
7539
6127
697
7340
8410
9492
7511
2256
8241
9798
5574
2092
1634
2305
4916
5955
796
1768
2504
8287
8009
8652
1274
6791
7984
2326
2156
1003
2055
3913
6820
5946
41
7517
9639
4803
3361
7150
7059
7955
3300
8986
47
1286
7643
1315
7242
4791
9435
9746
3079
3797
4751
705
588
2735
3032
9096
90
1439
9361
3262
3737
9402
7131
3376
558
493
6878
3969
4800
179
2955
4847
1465
599
2514
5059
5390
1950
4806
4821
5747
5909
5527
2687
4996
4911
8135
5087
6350
7496
8349
87
6899
5481
9816
3809
2326
6694
7778
7126
3225
734
8325
1043
7685
839
6102
3075
9141
7260
4249
1240
3169
6128
3927
8166
1039
2062
9605
3741
9559
4306
3828
2810
6139
9996
6619
8465
6691
749
1943
6268
1483
268
7311
9168
7460
3414
8596
6601
674
2845
7842
196
8973
8121
8362
6364
6536
7967
105
2447
8625
285
1609
4765
282
4580
9582
3325
5329
1526
9593
3165
8146
6905
2333
5606
319
7281
8560
7345
126
2754
7541
5451
875
2255
1815
3763
222
1920
6210
5200
2206
7819
9965
8840
8751
9547
2165
4081
1073
1758
7246
5572
8663
5931
1178
5334
3213
6090
2680
9691
8844
6573
1495
6072
8829
3310
6187
5403
1583
2398
603
141
6569
568
8981
1673
6468
1146
5754
7541
9256
3000
9465
7920
8931
644
3254
8496
3086
2286
4540
1931
5212
6035
4355
4041
5697
542
5796
7280
9292
2752
3773
2214
9672
9106
3887
6140
6604
5993
34
5861
8993
9499
133
4276
6495
3387
9125
9582
2026
3665
7865
7238
9700
8572
7631
5397
9114
9779
9030
4759
2531
9155
3325
2204
8262
3564
8344
4866
9557
8378
727
8550
4230
860
9178
725
600
8303
307
8978
1968
4524
2568
8020
3096
6551
3418
8563
6330
8800
3322
5214
7955
6647
7418
2569
6563
2114
7436
6120
6845
4515
4670
1075
1728
200
8152
8680
8504
8460
4010
6824
9336
6578
4845
2433
9481
4615
996
5811
3415
670
7377
7722
3669
4795
292
232
3262
4080
6352
107
4947
7374
7534
3027
7574
5686
8059
2430
498
2069
9255
9835
4999
4100
8620
4480
5067
9616
6644
8482
286
4021
2556
3955
5169
9200
4187
8431
9632
539
4890
4580
7913
2424
3959
1839
4462
2019
4270
1313
4088
3525
7500
9088
3977
6120
9920
9044
5736
6564
3878
2374
6938
6434
2681
2107
1987
6868
6890
1619
3759
1780
2551
8024
556
2863
9863
1370
4882
4133
2683
5322
7658
183
762
7987
2655
683
7031
8391
3599
909
7117
537
3696
9798
8996
5683
6666
2238
3654
6777
4018
2558
4801
926
5421
4665
8649
303
5150
7684
5625
9161
4220
6388
7148
6875
3423
4180
1619
7022
1441
8736
3912
5137
8535
9260
7172
1553
1499
7179
8331
1869
9737
9484
2796
1510
501
7797
1813
5652
5481
3790
4813
9701
6530
8313
6577
6305
2493
8196
3328
287
3284
3592
5424
1819
2852
2597
9725
703
9776
4408
2573
5865
3892
1721
7375
746
9518
5540
6398
4999
5682
7563
1053
2213
2228
3982
4870
1074
8530
8198
1361
1814
8142
6785
9986
7347
5734
9711
8050
1862
4119
623
4079
4363
2344
1454
5109
8214
6994
7859
9566
9029
1774
619
7594
4003
4601
2464
1429
9483
7015
2790
1297
5157
9575
1283
2504
1662
7346
555
9876
7817
7530
3956
8533
9875
5410
9994
4441
8757
7854
4007
7786
5980
4626
5380
6335
5579
4196
7764
1414
1211
554
2712
6369
6482
347
5225
4496
7694
2132
4372
1863
9663
8328
396
5890
3739
391
331
8848
4597
4339
2986
577
5317
4718
6913
7249
8914
1029
5015
126
1584
7727
2847
4418
4427
8072
8914
2121
205
3286
3984
6220
1615
733
2110
1706
1124
8793
6906
5721
9484
9892
6298
1154
4610
9563
4755
9876
593
9770
2
8529
3850
9201
2947
8277
7274
8213
6750
3831
1499
7086
6403
9466
7819
4865
1172
8943
3658
8078
1016
9495
4322
3667
7001
8932
3230
1756
5161
175
7878
1515
5056
8080
717
4355
2709
4343
2568
9459
4526
4068
2898
929
9886
717
5794
1059
6013
5804
5489
7029
1651
9812
696
8652
5096
279
6760
257
6806
991
1773
1863
9071
8842
2570
1781
3185
5139
7592
7711
5559
490
8640
5445
7560
786
2856
3573
2942
8346
6954
4594
4510
4003
9598
9606
4282
6359
6216
7440
3702
4341
5655
9125
3183
8226
906
6368
9717
4851
431
5276
5341
9071
7073
9253
6209
9930
2826
5503
8276
6133
97
9138
136
6048
8744
770
8759
1312
8210
2461
5653
218
1586
8836
8444
8845
5204
8161
48
5635
9789
1741
1058
6862
995
3619
6792
3821
9123
1420
6306
5572
558
6442
1620
5655
7212
379
6967
1775
2840
8973
1993
779
7809
6789
5976
9366
1302
6024
1353
1091
7765
8764
4305
8760
2383
7450
8934
7858
5222
5240
3431
5781
1683
5051
7788
5247
1783
1107
7022
975
80
5367
1754
7890
8508
7730
3608
9810
3754
4961
7253
1520
3725
1559
280
6109
5361
9214
319
583
807
3750
2716
2490
5154
504
7737
6937
7964
1112
7912
8044
2831
9667
2286
1340
3749
5894
1150
3856
856
4756
5376
933
2667
2008
3394
8028
7575
3714
8611
8382
7464
7680
7224
8970
8184
1313
5907
2500
2425
172
545
5257
6191
2831
6597
9940
5078
4099
3796
2286
8855
5524
3219
1522
3885
6614
9550
1460
328
4514
6194
4144
2194
3418
3115
6730
4731
9022
9231
3509
5546
6128
8766
1737
5311
1715
1678
389
5814
1826
2675
1022
7351
2247
2544
1236
8861
8447
9048
5541
9313
5242
9685
7859
5012
2800
4589
6095
8175
172
5956
3721
2652
1074
5459
7964
2789
3489
4705
4956
5315
7381
5978
2666
5980
4874
254
4841
9673
9302
382
8986
896
6419
6845
2260
9220
7787
4708
3747
4311
664
3820
6964
1739
5631
4928
880
9120
5985
5836
4436
9718
8166
3454
5698
9393
61
539
9066
9363
7273
8053
6612
3693
1250
8872
9265
9037
9932
3012
9701
597
3184
6665
8688
8816
7945
9568
7936
3930
1757
8724
3649
6275
8531
9347
5668
8592
6239
1087
4307
3512
9140
919
3557
6742
6144
2822
2132
2428
2186
1833
3025
5371
8498
1713
4187
2795
7634
8475
6725
9391
3552
6726
2018
8435
2426
7687
7027
8665
5126
7686
8529
618
4958
2087
7360
1102
1261
9492
9882
3448
1325
2908
5171
6175
973
5710
8970
4959
537
2048
702
4089
5126
2721
8876
7552
6760
5903
6217
1886
3590
1099
2504
8548
9538
6216
6002
799
5709
5884
599
3386
5144
2122
5914
2470
7832
1236
7429
8370
9636
8132
8811
4763
853
7688
2315
7613
9943
4885
5851
9885
5984
8355
4785
5522
4571
7139
2673
6632
9376
9625
6371
872
1747
2285
3342
9580
9873
772
4302
9510
5256
9465
4273
6109
3505
6588
74
9801
1473
2277
6038
3809
632
824
5683
1555
4315
8357
4540
3691
7982
911
4564
6081
3196
7906
2013
9421
5030
2667
8931
286
2133
3204
2747
1990
6145
9173
8143
3970
1450
4182
7780
2082
1358
3463
9990
5673
8172
4530
9365
2506
1793
281
8588
1341
4539
601
762
9570
3269
9694
6208
1754
9250
8956
96
5395
8129
8240
5718
9580
2422
3498
8014
132
3313
4356
5805
1486
5238
1522
344
7031
1803
8932
8372
6343
9534
9135
2265
9155
5181
8473
909
4431
7429
1005
6179
1911
9245
1897
7843
8019
1747
2209
4503
1412
2918
309
2898
8156
8183
9595
5188
9987
8527
9912
2682
4413
9047
4947
3568
580
9772
4477
5012
3554
5483
7543
5465
1080
9440
9660
5452
7539
1869
9955
8951
4787
6616
8202
9296
4800
7797
836
1139
6324
748
3821
738
6148
5120
658
6728
4892
5136
8092
8446
6971
5635
263
4403
1427
9923
6207
8966
8145
2515
4270
9284
9131
2472
4932
283
269
5768
1422
2945
6517
1595
35
2665
6715
694
5745
7960
5830
3838
2758
9153
5825
3022
3556
7253
9297
9764
2571
3794
2279
6841
9431
7762
5665
4363
8046
5934
132
5820
5232
3001
7416
5267
5666
483
5961
7763
8443
8143
1601
7554
7296
3779
576
853
7384
6225
6969
9955
6372
5600
3149
5803
9714
8814
6518
7760
1101
6650
3581
6333
9651
7349
1600
1669
7832
3914
9433
2628
2057
7386
182
9354
1165
7110
6559
8549
9687
3528
4857
6059
5480
4358
8214
5194
3172
4733
9307
625
1383
9240
3310
7387
6589
4911
5408
773
8825
1193
9753
882
4932
6287
6588
2449
3397
3147
999
9437
3027
2208
5496
8507
6566
3711
54
6090
8444
9361
3068
6179
8601
6378
9918
1542
7641
1679
2315
6466
9224
2069
3701
4156
8356
289
6606
8106
9789
3957
7543
2816
2517
9391
7676
9083
9454
7730
1525
4250
3443
4593
6782
8396
7324
3052
9938
4965
4731
2253
1432
308
4322
1485
4464
9031
8126
7422
7137
7915
7731
1032
7084
248
6775
1112
5683
6230
5194
7209
480
8637
8154
7262
7033
5478
6667
3323
444
1398
5576
8228
1706
6251
9713
2523
5282
4191
9945
8771
8459
7677
6155
1895
4277
2930
3007
9961
9160
8201
7170
5993
3190
1676
9607
223
7155
6274
3546
7599
4025
5474
2179
5731
1725
8244
4606
3359
2435
904
8482
7246
4933
4637
9141
9210
7568
2148
9171
3080
349
2693
5425
3539
4370
5033
114
1525
1307
12
5476
5332
1839
4007
7416
9916
2251
8374
3276
1038
9278
8110
8285
4211
2748
7426
3422
6668
5927
8945
6100
6276
1639
1526
6168
6009
6559
2634
3886
4218
8999
5714
5903
838
9721
3319
754
1972
1693
382
3010
7324
8493
7647
1535
1241
5074
1309
4261
1001
255
361
3629
8246
1887
6149
4255
4798
8784
4493
9017
7783
207
4920
4973
9928
4591
5727
8252
2636
6110
7614
9960
4603
5262
1496
2196
6688
9157
6457
4041
9412
3170
7670
7658
5058
172
8265
9856
8956
2758
5225
3091
9317
145
8064
9245
4736
3791
3849
7373
6253
1464
7333
856
6726
5181
3052
3414
4339
5861
3807
103
9032
1477
4114
442
8001
2379
6650
6957
1490
1876
6400
807
2021
816
53
3110
960
3902
6835
7213
1718
520
8070
8444
5702
7474
8210
6393
9688
2017
6496
8720
9847
610
9162
7848
9342
5812
1158
832
7688
3910
1639
6062
4727
1692
5524
5687
1947
2359
2900
17
2879
7322
8462
4933
1149
3024
1326
837
1394
4175
9557
7593
4785
5071
1793
4127
7235
9303
4959
1276
3214
6599
3690
7941
4643
9214
9980
2942
7925
2880
2960
804
6555
7774
5738
7704
7150
3416
4893
4896
7591
4450
2489
2377
5873
635
2856
9460
9938
4168
736
3152
7119
778
7445
1762
9992
7425
1057
7917
6658
369
5074
3213
4495
7164
7269
1645
580
2162
6542
8172
2964
5383
6901
5189
6018
6109
4649
5957
277
1738
9109
7396
2516
2907
5511
8861
332
2920
6778
6990
3289
8204
6555
7784
5368
176
5781
5949
8690
2323
473
1654
7707
3726
3195
3725
9835
7845
6034
6465
5935
5144
3861
8451
8051
5724
3664
4735
8644
6795
8078
8285
4999
985
2421
368
1162
8203
2669
6204
6878
9494
7859
4585
3220
7406
4663
9407
5251
697
5872
7538
2193
6086
2342
6596
1810
6006
1332
6807
2801
5762
1444
7801
6747
3866
4521
4261
8421
3542
466
5299
3036
4677
6237
2608
2083
7252
2015
3687
7949
7888
1225
6495
326
3567
3091
2136
9574
775
5295
2375
6537
3092
6528
9637
3310
7401
3898
1731
943
4364
3382
331
5393
5971
2939
7477
3223
4955
1164
7525
9195
2389
4020
9521
2309
3463
8009
1883
591
9657
610
7128
2749
3491
6765
6059
892
7016
4142
8188
7732
7524
8519
3126
3496
7811
603
3071
2766
8119
596
8313
6860
968
4186
9169
784
2195
7404
1375
8204
8015
4855
953
7858
7973
3364
8750
4989
7506
3290
2721
1383
1810
2199
1231
9621
9154
654
8739
7273
1251
7052
4134
8571
1238
9655
9355
9785
7060
7082
7990
1427
1938
5295
9285
9911
5012
8035
1252
8870
1326
325
253
9488
2525
7836
5461
1679
8491
4200
5305
6094
7604
5791
4665
5194
5446
373
1331
2506
7455
5673
3933
5745
7321
3218
2008
2333
7606
3260
1203
5284
3586
7809
1124
2463
5645
6585
494
4136
7137
2151
230
1093
7942
1248
2639
3389
7973
3970
2247
1780
5996
2533
7526
3317
2103
5886
2002
9709
9147
3205
4993
9085
7366
6117
7900
3012
9054
4746
3500
6191
6898
83
3636
4840
7683
6275
4581
5656
6598
3181
3788
2594
5714
7666
2263
7817
3553
4265
3879
2700
3822
5224
8137
1189
7694
2389
553
6748
7135
4053
9292
4033
488
2928
5226
8171
9204
9807
179
5802
2988
3968
8396
5054
1634
7011
2872
5187
1276
6751
4239
1450
1975
8728
2639
9669
1117
9544
6418
8253
9950
2062
2286
438
4990
7512
4962
546
3672
5141
6348
3012
9109
1096
8067
7096
8107
939
2283
5735
4042
2875
7186
6017
1603
6177
2039
2721
5722
4809
974
5672
6871
9612
2462
8213
7125
7424
8760
7149
2566
5108
161
8027
2557
8228
5123
7016
5519
3759
2752
9561
6634
6290
1931
4589
2467
3970
7310
4541
5131
4636
213
2002
4249
2676
215
7726
100
5327
4875
9018
436
1388
7046
9345
9617
2169
6361
1488
2280
5465
1050
5266
1755
9333
9856
575
3303
7166
5116
4786
1803
5330
6788
2404
4358
3355
130
4458
8683
1357
9829
5471
2745
6875
1168
8714
5396
7529
203
7677
9347
7605
2943
1102
6938
9151
1677
6593
6318
3146
1379
4473
8476
4519
3229
9186
7874
3359
3644
2909
4716
9825
4732
3813
6700
5900
2528
2097
9782
9083
6126
9129
6688
5421
6583
9978
4573
4613
6571
7243
7759
4302
1716
6235
8821
1297
5421
3047
4656
5417
2309
5724
5243
7041
5889
8295
9294
8417
392
9076
3852
2870
8205
540
8292
4788
6870
2865
9401
3441
108
3512
4095
8176
9747
9268
9473
1520
8668
481
3290
977
2557
4885
4370
8446
3180
3664
3216
9925
9092
7068
9147
7297
7609
7439
8438
4479
6656
4191
4273
6764
7704
4720
1292
3803
3989
7117
1676
9009
7598
4966
6338
6507
6203
708
4954
5735
725
8170
2012
9817
5238
1160
3467
9199
8599
1905
31
5256
6096
4304
8372
152
5376
6017
3956
9365
3134
5632
8374
7085
6950
4712
3592
9505
1773
4898
5240
8850
9420
7253
8667
4659
4765
2134
210
9716
391
241
1324
6488
897
9697
2992
6274
2066
6948
1991
5200
2580
366
8637
5882
1430
8582
5387
9555
9832
628
8405
9253
4233
7073
264
8998
5559
474
8714
5951
716
39
8791
1613
6088
1783
4239
8154
5084
6231
9706
7664
2949
4696
9899
4379
9630
5286
3935
9462
2266
8692
8715
2851
5765
8979
8201
7677
9454
6916
3628
6522
3307
8771
4487
5747
6906
8727
253
1990
1310
6311
6007
4259
1007
5906
4990
6989
7544
5277
6452
6163
3970
1519
9014
6087
6851
7216
3764
2657
484
3744
9179
3791
8867
18
5890
5774
8745
6143
7764
55
8806
3771
666
9814
6029
5657
3155
3574
934
9607
9737
1256
7479
8751
7344
4330
2319
1108
6987
2803
1205
2518
2946
72
2536
8836
5846
7634
1331
9963
7689
138
86
4708
6304
6116
365
9459
6042
7651
5419
5779
8908
2898
882
2604
3580
9554
64
567
2357
1269
3085
5304
7694
1973
492
9892
9607
1824
9855
3649
1962
9942
8357
8266
2410
5074
4077
8452
2725
9496
4231
7985
8746
1465
589
2326
1019
654
2893
9729
8275
2330
5033
5969
4304
1877
5862
3911
3701
5717
3912
2015
2011
2269
6633
4421
7343
711
2873
6421
6559
3456
4406
5306
1274
1348
7632
8645
8354
6878
8374
6629
5560
9759
2599
6216
1637
4813
6480
1690
6882
392
58
8894
2662
6691
9667
6357
3754
2541
2778
314
2349
3537
1972
3623
4885
5956
2269
9591
9186
643
6220
4747
6755
5171
7315
8392
6336
3795
6434
3219
4188
6492
8465
3202
3184
8132
9559
3290
7025
2338
9956
9375
2227
1928
2998
3464
4237
1619
3055
3423
8615
5627
4522
5370
7151
1838
114
3487
1985
6548
6706
6173
9393
1523
9375
2577
9656
5287
2219
6681
3977
2176
6056
6204
456
5407
6020
4693
3378
9075
4469
8345
1054
8991
3715
8205
7181
181
1693
9167
3082
4751
1692
2475
6275
7420
1404
2283
2707
3623
8964
3036
5799
1373
9240
2608
3132
5260
7301
6510
687
8122
4856
1741
7114
4923
9947
647
1457
7992
6166
4539
9095
7859
7014
1722
5279
4770
4005
4338
8393
2970
7374
545
695
2966
3153
3827
4578
6806
6689
5265
4929
7897
3358
8395
9173
9657
5394
630
7649
1561
5169
3097
5772
8535
4819
7403
3305
8825
1741
8050
8147
5467
4947
5194
4785
4452
9021
9363
7611
2062
4628
8892
9960
7986
3639
5485
7644
9033
6115
1645
6946
7636
4742
2718
2523
5914
121
2180
1091
8214
230
9238
33
1530
4432
4818
5982
9805
4181
9945
8219
5161
8837
8179
9500
2476
3664
3496
7862
6131
1493
4808
3767
2588
7527
6290
8502
4000
8470
9593
8567
5053
5183
8600
6583
5967
9771
8917
5772
3952
8863
3991
5466
4052
8523
4966
6529
8539
4814
4391
1023
6307
5551
4790
8895
3078
7433
7397
3431
2255
3342
8350
7308
8525
6950
243
844
3073
5513
2968
7026
728
3312
8844
4780
1835
162
1309
6726
4976
2052
7749
1283
7604
8892
6531
7034
6325
280
6817
4932
3623
5167
2241
8500
2118
8836
9345
1543
4349
2313
8569
5077
5625
3765
9858
3812
3927
7519
6891
8903
5924
992
6539
3528
9884
3070
6914
2561
9702
3732
7494
3325
8899
6087
8178
7369
4923
7523
8913
5625
6188
3834
7054
8166
3952
6912
8330
7879
784
5221
3135
6708
2566
6026
6588
8802
5448
9854
1364
5150
3586
5210
8476
8838
7649
3006
2559
8924
529
7824
4549
3069
1659
1604
7587
5611
4868
5918
9842
2004
7491
2977
5064
57
9003
1652
8860
4451
1507
6576
5954
1445
8138
4430
6635
2139
7436
9195
1063
4317
7019
1965
3738
5030
9921
1326
6993
1141
7244
6836
3146
1087
6165
8210
1145
1521
6215
6357
2324
4074
9285
8278
5519
7423
9060
8507
5914
2848
7702
6977
3517
1073
5294
7256
2456
5215
4934
9449
6357
8530
2637
5855
9617
5155
4065
7114
3028
6632
9823
1704
706
9108
6335
2578
2883
5395
1085
8797
4596
5139
2127
8113
2564
7421
1721
5020
2637
3007
822
5346
1537
9811
7553
7507
4966
1618
4621
4346
4603
797
6051
5309
9905
2386
7887
2789
4133
5324
1586
8729
463
3713
3195
9380
7487
1268
4400
6476
628
5222
1822
8517
5034
9375
6024
6352
7345
6998
7051
1948
7795
3102
3610
7700
1840
7849
6841
5973
3174
4780
1055
9989
4845
602
9369
2332
8222
3770
8808
8850
5344
6982
7368
6730
2709
9744
9435
55
6742
6486
8355
889
9588
8317
8590
7780
6167
1783
3753
9341
6563
1160
9330
1409
1762
8700
93
6337
8822
8902
5187
4166
5884
8907
7249
8594
8652
6684
5001
1746
3170
9708
2636
9110
8026
7578
3242
545
9361
6995
9886
2277
4508
5568
38
2622
620
131
8959
9442
5385
499
9961
7622
5758
3562
6216
4410
246
7569
2509
9768
3629
5145
5230
8007
2723
8472
8552
8436
1819
4790
7065
6327
359
7103
8950
979
3587
4261
6774
8972
1112
3087
6594
6871
6649
9162
1281
6895
3083
3790
3015
6713
5287
4597
4720
4362
3069
9625
9151
1240
4415
6216
7568
4774
9672
2870
2106
9611
3483
5232
8583
4596
8319
1530
1467
4968
7044
9100
8215
128
9243
1230
3193
4530
5827
4265
5245
5248
3890
4396
6488
8306
6964
408
9432
6636
9630
7890
6247
9466
3122
1183
4062
1441
9065
1881
2761
2461
981
976
2589
224
8558
2134
1107
737
6400
2704
2337
290
7100
8826
4948
4064
5586
733
7053
1569
8623
9652
1035
1746
7187
1449
9539
6252
3330
2301
8714
4311
9629
7655
888
8188
6142
8347
8925
2542
1051
1263
9184
4503
6441
485
8567
8379
1218
1972
6300
9841
1625
7335
7939
8812
5136
3831
1417
8466
6132
131
9130
5761
4138
6370
301
280
1069
5579
9174
2120
3194
4711
6623
5987
5196
1542
4366
6414
9867
667
2607
1492
4354
6899
6656
5843
730
8073
4309
3214
4556
9791
5327
5047
6161
5629
1679
7230
1208
854
5702
4402
5565
8677
389
7113
6572
1107
3527
6439
8126
2486
4283
8833
9385
939
4676
6467
5365
5337
9681
9921
5129
1361
1320
7642
6990
3000
4873
4550
3854
6927
5304
5771
5605
2045
2884
2177
9504
2763
4968
7631
5249
9251
2816
987
190
7492
3806
5555
9181
9840
1829
4310
1201
3149
1953
4543
6149
3178
5445
6355
105
749
2126
2062
9146
1362
591
8650
4125
5559
2633
5727
4810
1801
3066
1353
5645
3224
6908
4827
3064
5089
9137
617
8239
1090
5160
740
620
605
7096
726
7706
5574
9140
6852
3289
9732
1855
3766
5291
840
9493
102
2642
8911
1455
8287
8488
4715
3114
1552
6157
8604
8522
4396
6046
3682
1488
6667
640
4936
3745
8346
6863
2885
1551
152
2617
9758
3918
7909
598
9764
4363
3240
5027
2170
7880
3515
6885
994
1420
3042
9598
9942
3790
1997
9976
1631
8664
616
6567
2409
5315
3430
1646
6866
9934
4264
6624
205
8525
7222
6321
2888
6815
1348
5058
4695
1216
8295
2041
2636
7690
7992
2578
1480
9989
2554
3111
5005
9523
6031
3766
4838
5813
5412
8056
5748
6028
4680
2305
4553
8254
8626
3793
1421
6326
5203
6116
7542
3499
4510
6530
1189
2502
9108
9021
8843
8015
8485
3848
3890
4516
7614
8728
329
9378
6784
2429
5407
7816
1086
9960
6070
9712
106
3844
2391
5309
9960
9933
5160
4470
6464
6349
3324
1924
1723
2167
6291
208
2367
181
4724
9981
5261
1405
9360
2045
187
1119
9861
7625
7431
2284
3690
7537
6128
6081
9199
2440
2366
4359
3263
5182
709
2939
3459
8784
5107
9750
8992
7474
6284
68
3808
1545
7825
9520
9943
4364
639
6156
1990
8070
8440
5680
1960
920
8113
1159
9713
479
5518
2976
2014
2579
5915
5473
1363
7374
5223
355
1201
7859
6775
5009
9405
4601
4529
9348
8965
1520
5504
7307
5942
297
2987
7902
7569
7452
9061
7282
4284
4580
258
6298
3511
2526
1771
4875
9900
3346
1582
7453
1206
8358
2462
6963
2959
3343
2663
1924
1215
4519
5584
7158
4816
8571
5060
2386
2376
474
6020
6660
5054
2631
9310
4917
5157
7433
9792
1409
779
1375
8863
8337
6085
7677
1652
9044
1021
4315
7320
2236
8835
2904
5746
3
7828
807
8741
6556
1281
4762
3216
2687
7393
8878
7604
8902
6311
3749
311
3442
1476
5526
1780
7561
3204
9784
2957
577
4100
277
9165
9287
9534
4912
9290
3714
5719
8032
270
3352
9146
3486
2391
6539
8716
9995
1793
5027
96
2104
8469
1572
3983
6601
5485
7187
6386
8442
7764
6838
5072
3281
6125
4606
8193
5415
4672
264
9799
4942
3616
8945
8428
6007
1836
3496
2355
3629
8523
2451
5734
3344
376
6069
9946
2213
3256
2684
7008
7372
9522
2080
653
5647
3038
5199
1062
7710
5463
7214
2652
5432
6159
7432
1439
7996
928
146
1625
5803
8950
3711
9147
5678
9780
5445
7891
9388
8129
4899
3112
7651
3331
118
9650
2721
5317
7065
6783
780
4279
5787
6212
438
3219
4004
4786
499
502
2764
6302
9452
6475
1802
5130
2608
7247
9374
8348
5377
625
1461
9380
3957
1579
5383
3030
3248
2448
9814
4028
6727
5601
6593
3517
5173
6949
8304
5672
7451
7420
8327
6904
247
129
8386
2855
3728
7760
7556
5457
8386
9017
4838
8695
6948
6573
8077
196
9021
7891
576
5748
9845
7169
5617
5018
470
273
7042
7922
7693
5369
4826
7941
1850
9564
7148
5579
7325
4704
1036
2063
73
2226
7110
3373
8799
5187
3569
7820
3079
498
9920
2924
7667
1890
4294
4490
2163
1336
2412
6209
3058
3590
4150
4908
3154
7650
6839
6831
2355
7876
8894
8780
6454
2356
2154
5254
7544
2075
9426
6975
2573
5699
6251
6593
3941
545
1083
2456
8233
3495
8665
1291
3437
9167
2552
6591
6818
9391
9775
5525
3619
5021
4305
74
7378
2811
1680
4922
4887
7458
1897
7460
9509
4500
405
3450
5045
1488
5907
9630
1335
4572
922
4772
92
9826
7716
6910
9217
7491
2435
2837
2512
3092
2911
9890
5904
943
1164
791
8401
9413
4603
7911
3913
5009
7713
5310
2849
3620
1293
4185
4545
2215
5309
4637
8393
9377
7899
7610
3220
6686
447
5733
9778
9710
1975
5682
653
9492
2825
5407
8905
3781
3318
9171
8790
7383
833
7991
1004
2126
8528
1901
693
3838
2890
9086
9567
789
3049
2788
7475
3496
8521
3605
9559
6848
5640
6564
2692
8465
1971
7950
2246
1641
7121
7388
9025
4306
1732
6381
2785
260
8282
9830
450
7524
8917
18
4665
8318
2806
8492
1814
7679
2097
7725
4527
7737
4290
7220
2555
6261
5170
4801
4255
8643
8542
3280
9301
274
9661
2086
6886
7943
1917
7337
1819
7186
7355
6484
5504
161
4976
3670
7840
7073
7748
8719
1163
2038
2291
3718
4651
7461
8519
8906
2456
3413
8538
1758
39
8199
196
6926
2494
8465
4263
4313
2003
7970
797
3859
8131
2125
3882
2323
9199
1630
1042
362
20
9686
432
1023
7147
5303
6282
5956
8717
4820
4066
5108
9372
614
2034
1866
9080
2649
2532
1083
619
3329
1295
5102
5455
5177
3777
1006
6807
1172
7720
3179
858
8152
4202
4357
3455
6836
6665
8524
1657
731
3633
1029
1346
5667
9247
6778
4669
1779
4213
1640
5109
5508
6743
6916
685
6872
4274
3844
8044
8346
3375
5254
6498
7578
9612
6305
4414
6277
4830
2423
3361
8463
9804
4707
482
9052
7837
5151
831
2050
6792
2292
7559
9887
5560
4596
6759
9834
4793
1156
8180
8168
6410
1030
2098
2374
7336
2865
8652
8518
5288
2013
3333
1445
3072
3815
497
909
5319
1328
2959
8463
9973
6870
4702
5533
7819
7813
5368
2612
5321
9900
780
1732
7283
9231
4106
4619
2096
9110
9489
3736
7475
2822
5181
547
2989
5678
1456
4660
3359
768
9475
3332
3990
4177
8865
1809
8343
585
773
3664
6838
7906
1748
4121
7137
5855
5092
9233
1317
4581
2969
8793
3755
4503
9340
6744
6533
7149
1405
9892
4269
7232
9576
4611
1410
8442
6421
6105
5379
3546
9769
8569
1452
7870
2690
8589
77
7782
4174
1394
8715
7144
187
2470
7999
5880
9215
4532
9381
6972
4425
3650
4204
4001
8261
1966
8795
1034
8071
527
4581
4193
9096
6033
2063
1787
975
2140
5921
5149
9886
4637
8645
6426
7107
6644
2306
2674
1177
1687
5998
1954
1689
203
2307
6302
8521
7455
3689
2945
7982
4622
7138
3430
7007
5553
5217
7982
4045
7491
3132
283
8480
1777
6709
5587
4774
9015
4614
2303
7054
612
4257
5095
7167
2916
7750
5689
371
1439
4986
4705
6061
8476
8136
3068
4029
9705
7403
4426
7196
535
4709
5676
8664
1419
7616
3438
6786
8582
5741
193
5546
6350
5288
2714
9267
3038
4755
5990
829
9741
7048
6890
8217
5184
6311
8598
1241
66
9376
8438
601
437
466
5617
1856
4434
9056
4995
3016
1149
5188
4915
7500
6828
7629
3119
6219
8736
5461
7048
4829
2509
291
9398
7693
2954
4348
8935
3020
3724
3725
3621
4161
543
9238
2370
4978
4646
3717
4346
5796
5257
5613
9648
2085
9594
2767
8304
8330
8228
1705
9511
738
1996
8909
4783
4950
3257
70
4322
3333
147
7943
7495
691
3533
6217
2021
4532
9934
2719
328
1543
8333
9976
3628
7927
9095
8285
2610
3675
6342
2121
4413
4690
7383
5549
9640
640
5619
3962
3974
2119
8257
7821
2810
8142
390
4831
2674
6676
3902
9354
8219
2235
5682
8199
6515
4777
2836
9125
4805
5530
7598
9218
220
4981
1119
9860
5622
3091
174
5948
5210
4783
121
8020
9278
6863
9203
8304
3539
3105
7659
8110
1693
9693
2661
8208
823
1850
3685
5628
7380
1283
1198
7601
6265
2318
3813
8239
1761
340
539
6971
1475
660
1343
753
3875
6898
9058
3766
6355
3069
8228
8048
9114
889
2608
9937
9091
6293
5565
6472
3929
6764
4073
194
5434
4238
4785
7195
4578
5324
518
6054
2336
1861
6807
6211
8759
2217
6329
5114
1638
4557
9515
753
5446
2123
7042
4538
4769
2608
7362
5050
5724
7787
5244
7510
2025
6381
4705
6604
1705
5223
9010
393
7084
5817
6604
2195
4387
2933
7309
2377
3842
6824
3130
9288
5300
173
178
69
9133
3892
5119
1209
1679
6715
8719
3705
9448
3424
6661
1153
4999
5671
1546
8435
7840
4502
630
2227
3787
4291
957
7629
1116
439
3269
2768
6964
9800
2837
6097
3692
4308
7306
5372
7375
6025
5429
6823
5801
2090
4328
7152
7761
2226
5587
1953
3080
2569
4181
6867
6861
1490
848
4329
1929
469
7097
8894
269
6286
4991
314
6946
8650
2038
4321
1027
7467
7496
3181
5909
1824
333
22
4050
5921
1975
3482
8490
2508
6701
1703
3998
7549
6032
5928
4370
9481
1174
992
5767
6165
1306
2713
1167
3344
7034
8547
7163
4530
1728
3072
2706
2061
9446
3108
7982
1421
6590
2825
282
3291
4528
4280
7192
6913
6560
1563
6394
7734
2555
8514
252
3861
1227
7771
3557
4614
6318
7072
5496
8046
6496
8203
108
5942
7663
4442
3715
4254
7267
3997
7545
8148
4630
4738
1413
1190
2653
4159
5277
5208
2673
5529
5421
3901
3300
5330
4867
9619
2402
363
7665
8898
4918
7773
4840
2582
8568
8555
6836
5835
8905
733
335
3535
1823
8100
4725
4476
2260
2
6036
4933
1883
1457
5186
1536
6787
53
1155
9189
6769
5172
8087
1687
9298
9279
621
7866
4187
3809
53
3092
4543
6741
2979
2718
4841
4056
7195
7101
411
3231
8387
2294
1041
3573
3830
7828
9979
1337
3370
3100
6510
7809
1139
2160
3441
1761
26
7628
5570
6431
7072
6465
3172
51
9184
8014
459
2731
1467
870
2314
6206
9517
3355
9780
3347
7536
6111
1037
7258
9211
3899
1419
350
6059
4860
8463
2437
8840
386
5220
2264
3203
8393
8667
8739
2759
9127
1470
578
9997
3785
6785
9514
3492
2917
9214
7380
9028
251
4638
4591
502
6058
1293
6561
918
6109
5350
6111
6495
570
8375
9698
5315
7043
8438
8074
6170
6260
8653
2519
6397
5438
2034
9890
8355
7600
7270
3735
4203
8261
4678
4705
4319
5971
7618
1589
2080
2968
4052
4927
9890
2428
978
5206
5823
9416
9632
1993
2028
8285
864
8426
75
9250
4668
4782
6850
8290
4869
1053
6551
9547
2110
7222
1871
9728
5164
3951
9048
9216
5231
8939
7996
6209
497
3819
1977
129
2164
4005
4767
3029
2431
4842
2279
7099
5977
9130
5390
846
6535
8293
6746
8646
5516
8617
4726
7032
8920
3775
2600
4151
9066
597
360
9563
4416
2337
6044
6581
6343
811
9610
5126
2006
8241
8578
7983
7371
320
5181
259
8613
1927
8905
481
544
9983
3865
9465
3758
6466
9968
9176
7063
329
5091
1479
9018
1136
4412
1713
1947
374
6840
3953
8616
1770
8288
2339
2090
3470
2598
7055
5397
7855
7537
5942
7839
7754
1759
1597
4220
8079
7126
1283
4760
2217
9115
3779
3353
3527
1844
1653
254
5036
1958
8870
6806
247
1209
5248
3717
3808
2304
9114
1663
6193
1408
5854
3947
9519
7452
8168
7599
930
9451
2359
3147
4918
2490
2853
8446
4335
4506
8700
9371
2816
3922
2530
3063
1483
7778
6780
5291
6434
2247
3307
2627
3655
9161
6575
9527
2965
1095
7126
247
6898
5837
3395
1817
4680
2600
6615
9015
3458
1667
4738
6274
5589
3620
9338
7072
7751
6118
8716
4185
4717
8375
6813
4725
3888
9740
4252
3206
7187
7730
3453
4085
9919
3200
2254
4599
5800
8869
9966
9258
536
1057
5533
2477
4677
1223
9550
2428
3693
4618
2966
8411
2993
9779
3136
3233
5871
3740
6439
9410
1470
6245
3495
1389
9445
2102
2341
1598
971
2307
7208
7860
3364
9093
337
4394
316
6239
6822
4010
857
6140
2421
202
2271
1909
3436
8142
5649
6227
3904
3471
2472
3752
4860
8270
5854
3553
6220
6825
5861
3428
4685
5577
2522
5023
9971
9190
1262
3146
3200
8472
9286
1973
8674
1558
3882
8462
6052
5883
4690
9957
9354
3514
3709
567
8136
9563
4120
4356
2740
9981
4137
3778
1911
3011
5153
1882
2201
6415
5028
1754
1239
4315
3727
9914
2225
3962
4728
8277
6197
9418
4586
5552
9285
4647
2471
7421
562
6591
8130
3303
2925
8619
7081
4836
1630
2234
3070
183
5001
8099
1937
6241
8766
2017
2507
7343
2331
7235
5620
8528
3006
6559
432
2291
1206
2903
6064
1769
5847
546
1424
8772
9165
4857
9960
7147
7091
3030
7331
8444
7481
5620
1037
6247
3989
9896
3590
6320
3484
5563
4849
6490
8474
5281
5133
6032
4537
7549
7801
384
8096
5577
5508
3613
434
5468
761
3877
4850
4444
2322
2332
6416
9711
4931
406
9608
4874
6726
3092
437
7927
5934
5263
9561
1067
1295
4098
8616
5449
834
3064
1026
6342
6678
1461
8162
3791
5338
3012
4587
4012
1696
7355
76
6628
7761
9684
1502
840
9128
8291
5119
5062
3554
4680
2481
4849
5130
7449
6650
5964
6866
7677
2306
3544
5490
468
3687
7180
9833
4626
7545
1529
1981
7621
8157
6095
7305
6011
3287
2785
4302
8406
4199
4208
3087
3032
5410
8217
481
2060
4182
3699
9737
2840
7243
5227
9661
7282
8760
9494
8260
6305
7375
242
3926
1885
2689
7583
7896
5976
368
8551
4382
919
2759
7469
3951
8169
2039
784
230
6221
4484
9967
5413
8079
1547
5074
1714
6659
920
9974
2964
8296
6568
6890
181
9257
825
8077
5233
1193
6628
5968
8464
5740
9789
2415
3909
1828
9551
4139
4401
4035
459
9815
8467
8358
1241
181
5017
2162
6507
7981
458
3076
1223
6991
2333
2048
5068
3919
9593
8049
6239
8057
3789
6028
6824
4050
7857
6375
8190
8610
6763
5001
8425
1582
9711
6019
1763
4728
8181
8270
9061
4991
7698
6636
1982
6384
8684
7050
303
4629
1451
6542
9038
1592
8922
5862
5643
6779
8589
185
5390
1704
5186
167
3286
1249
6186
1401
5977
719
6024
1390
5710
3722
8026
7692
106
3062
1095
6761
7691
8898
9655
3081
491
8578
8943
2486
1709
3884
2671
3451
5589
4209
3619
5227
5458
6157
6629
7787
3229
2653
9177
8939
2727
3555
2984
9186
6617
4079
5947
660
2977
1955
93
9820
533
9036
8658
2242
9272
1329
2046
1213
1890
2017
6441
3700
4526
3070
7839
7755
2075
3368
3047
4802
6923
6031
340
9892
110
6288
6904
9439
8243
6997
5612
5128
2385
4270
3722
8010
1952
5768
9223
194
7785
5664
247
2312
5086
8086
6419
3513
7807
9466
4668
1082
5497
5008
975
1959
7648
4231
7751
2243
1229
3363
7371
9966
3985
7446
7976
5937
3214
7200
6132
7352
9216
2731
6016
655
7169
2435
4168
4976
1902
8836
6059
3751
197
3386
5711
7845
7617
3462
89
5198
3177
3812
5165
7162
1258
3141
9452
4473
6693
1936
8177
5910
4667
4193
6565
1836
2980
7085
6813
4882
2274
9224
4986
2471
2610
697
316
227
511
6757
5426
3688
570
6943
7202
1828
84
6654
2653
3130
8590
7182
9040
3257
1375
1957
1446
708
5394
8259
1942
7668
7483
6928
139
6445
3977
6808
6672
4488
9917
8450
4528
487
5393
1731
8668
5478
4737
1321
4960
3328
8504
4000
2937
6231
2309
4383
6939
7703
8994
5234
1724
2829
2162
1863
5626
6140
5023
2299
628
4941
749
1509
1780
2495
3240
448
4325
4329
8122
9285
7657
2978
9637
6947
5561
1946
7682
8853
6001
3029
4087
7725
2210
6249
5941
7837
8741
7316
6488
9370
8609
7237
7231
390
9732
6823
7190
4057
1152
1664
9694
5162
4642
9331
2109
6556
1277
6143
5409
3631
5524
5848
1356
7735
2097
3649
5572
839
966
2060
6561
9575
5649
3792
6317
1734
615
3508
2143
8119
1524
1838
3281
6167
1169
1742
9075
8799
4238
4484
8782
9762
6684
6490
7497
8781
140
9421
5972
7458
7833
8885
3385
9835
9029
9703
1569
5996
9563
64
4116
1087
8254
3749
3606
5776
5492
2681
927
9730
3517
9709
9492
201
6199
3342
5335
2691
2763
1307
149
6949
6545
3535
6784
5574
3238
4705
7923
9153
4769
8391
240
9376
2140
3847
5152
3984
6528
6079
3714
46
5788
9559
6599
8339
9253
1934
1031
8368
9594
7532
5317
6139
1067
2101
8065
657
6806
2340
9810
7928
731
51
7304
2872
3898
8808
6856
6778
4887
6923
3176
7027
2834
9776
5366
8439
1710
6397
6807
1304
3930
2125
3795
1349
578
8213
2007
3737
553
8169
8017
7637
4572
5321
509
4822
481
3717
1601
5368
6992
1129
2395
6178
905
7761
4617
8968
511
7777
6624
793
9902
420
2142
480
4985
501
569
1890
5023
8586
9527
9595
259
6388
4418
740
6458
2371
6108
9802
3500
4855
5981
758
8969
6950
9726
9480
4727
6350
6625
981
3122
5119
7814
8107
1973
8383
9998
6996
3322
9525
2943
3581
2266
3713
4322
8724
2436
6782
8526
5937
7990
859
3047
6959
4162
2773
2791
5241
9123
5768
6223
2246
887
4037
6705
2860
8772
6703
6208
2094
2581
5504
2028
1199
9217
2702
9923
1654
5836
4801
3943
3826
5661
6990
7137
6175
6115
6280
1416
1590
2048
7639
3836
2936
8028
6894
2148
3153
9949
4709
5247
8882
213
7275
81
5782
9977
4
3788
2166
1158
4083
5992
3171
7425
3130
9346
3540
9410
762
5131
7811
4754
5319
7099
9134
2213
5599
2287
8515
308
7535
7397
6873
1162
7479
9008
7492
7483
2796
9658
4993
6880
2002
8164
657
1484
7510
4198
7247
4625
5681
5058
9379
7352
2157
8513
9566
4108
7153
8081
4417
4688
1830
7642
2202
9309
6650
6046
3145
5799
5704
8138
9031
4059
6303
9688
5543
165
238
2790
4790
5919
7848
521
3272
6357
5387
9190
466
2540
3623
1235
3580
5453
5229
5782
4763
8232
1829
7908
4031
3885
6046
3062
7944
8701
9102
3488
8867
9341
2630
9
5260
6831
531
8532
3188
5918
4074
6
4810
7697
7593
8390
3151
2823
4172
4266
1055
2353
2174
5086
6239
4572
4500
535
9626
9954
375
4845
9295
3006
4854
4556
6189
5385
9440
9377
7655
3515
5736
8817
7564
3329
7207
7067
2504
7732
1333
3559
85
9859
4997
2676
784
5849
3212
410
5804
9939
5255
5099
9297
6461
6007
5486
8199
1800
1216
5854
1667
6952
4672
9231
6633
8231
6299
9138
5963
7632
9049
6049
7492
4047
8725
8276
6248
8289
5038
2052
4581
293
3504
3878
6754
9511
9365
4953
7663
581
7160
9330
3885
8184
8562
518
6415
4861
6008
2379
8845
5058
4780
2689
5457
9857
7317
1705
4499
2355
110
9080
9000
9966
9310
2107
5829
8675
3412
3493
9256
6924
2823
9493
1460
1385
12
7876
2598
6020
6607
7796
7430
7739
485
2887
3948
4155
945
8447
6510
7407
3879
1863
7373
3190
3970
3202
1865
7382
6695
7474
659
9519
3319
2119
7256
3331
6347
6207
5704
2954
355
9486
7045
7192
2374
994
1347
9671
5793
7858
7078
9673
9721
4451
2863
43
4005
1080
3777
701
4906
4436
6572
8226
6556
180
7909
2903
2739
3613
2210
3094
3100
5607
287
1826
6601
1634
7849
2395
5844
4927
2068
1917
5730
1283
8312
6087
8715
2090
3140
3622
2878
9712
8200
9434
6245
6109
8690
8984
6075
7252
8431
9175
2859
8718
7353
9461
6704
5202
8208
8901
6481
6628
7170
8563
7911
5483
4650
6626
3925
7791
6600
6803
3855
4800
6238
6452
910
1280
5437
6985
8532
220
2512
1391
5290
6217
7204
1994
7771
1764
7247
4252
8392
4418
9167
2655
6253
3817
9282
178
7960
2234
6981
8168
3387
9571
4620
4297
7203
6409
7634
5735
6629
6498
3479
1919
9067
7035
266
6838
8800
7513
7442
3544
8283
6609
6200
888
6778
1834
7418
1091
4068
4400
9259
7455
323
231
8104
7527
6641
2090
9614
3270
4940
9445
1542
4007
2833
1808
845
1633
5673
8287
1529
309
1248
7729
1197
8027
9563
8616
9118
9984
9368
4729
3791
9691
4960
8248
3570
1601
6690
9537
4872
1631
8982
2766
5638
1815
4574
2836
9800
247
7475
1330
556
8724
5411
8106
6751
1327
6722
2221
7663
6090
6950
7806
2133
1910
6054
2056
3512
2745
1593
4736
728
6927
7502
2718
8743
8428
5554
4895
8675
9382
2577
5584
8106
4341
3690
1209
5668
412
3430
9683
2854
380
7489
1339
2290
3544
3395
2154
2641
1340
3242
9721
8268
7096
2439
3363
5524
4346
8258
4200
3728
7188
9784
1834
1529
3474
3043
3549
238
6473
3232
3092
3205
721
783
1847
617
4179
354
9610
5519
3596
9331
139
693
1771
3502
6217
6117
8113
6769
9845
5301
6553
8031
6830
6379
1074
6731
2969
3899
9963
2413
7104
7036
