7076
6456
5583
69
7924
7326
7982
809
5066
4857
8586
8602
8748
1708
1473
1276
7564
2841
8464
6578
8938
93
4965
6408
8146
504
4795
6405
2706
7020
3106
9782
9828
8689
6203
7752
2368
4185
4913
3786
9043
3499
2388
4143
1559
213
1771
9124
3054
236
2054
8345
6681
7019
4753
1179
7524
9548
3936
230
2920
7042
13
9101
5732
6216
3205
4452
6754
8119
8238
2149
7970
6978
6292
5882
3544
4415
5006
6598
4651
7060
4943
7684
431
6049
5215
7955
1949
9152
8186
1222
6194
4551
323
8278
7119
3528
9082
225
7999
7320
2374
5970
651
5018
8204
4195
9434
9562
7145
437
2974
8441
4474
3405
4490
9689
1361
2791
8841
5899
4013
1388
450
688
6018
3921
569
5101
4147
8568
8773
6521
890
9424
7892
9094
9971
7326
8656
3469
7763
1630
1910
2237
5036
6400
8279
2749
5543
7120
8648
9557
4860
5450
245
879
9371
7166
5980
9870
5735
4753
2744
2977
530
636
2072
6853
7962
7080
322
2077
8711
2232
667
99
4984
8946
2848
6880
2418
7848
6437
7279
3298
3034
8158
9021
201
490
8892
2288
1595
7988
5265
8477
8624
3689
5331
2938
770
2005
1367
5833
590
2034
5932
1926
7332
5132
8806
9751
2980
5243
3382
6278
4630
7892
1651
1183
8382
6895
3471
9977
4883
5088
4807
3507
8778
138
2797
9548
8495
4165
5381
9085
6199
7665
1012
9884
2797
9818
9635
5777
1414
3017
8407
6044
909
6410
7227
5643
3306
7050
1972
8189
2138
6779
8049
916
3269
846
6816
1765
1363
8549
850
3915
6214
8214
3799
9011
8033
3434
1140
9447
2803
5899
1843
64
8662
9070
2059
1968
2472
4031
6509
4610
7163
910
1879
432
8109
8695
8549
9472
7245
5752
3387
3459
3966
7186
8823
8351
6972
6315
7798
9775
8567
9641
6191
7229
5063
8250
5549
7535
8634
8410
8498
5797
9321
377
6229
7430
5424
1131
6902
2669
6883
6642
2481
7201
3828
1304
5553
801
3971
9703
6928
8890
9345
3120
6119
760
7722
8020
4648
6356
6431
9498
2153
2104
9875
4735
5886
5299
2218
9140
4321
9101
5782
6802
6302
9611
4458
1855
6764
4781
1559
44
3672
7256
9516
6143
4368
7239
4164
5368
9947
6947
4866
8453
5403
1093
3188
1289
2745
1758
429
7066
859
2564
3868
3513
8527
4678
1721
5291
9459
9632
5335
3131
6888
4852
9275
7608
8443
9791
2977
8390
6738
4195
6843
8493
5289
6383
9782
8034
8141
6563
1452
5352
9127
5320
8866
7654
9998
587
9297
5809
219
4633
8941
3459
5837
8216
7419
4280
8007
6748
9022
1097
944
5866
9590
2585
8601
5724
6971
6743
2287
8423
2095
7767
95
7313
1773
6445
7900
1071
2254
4471
2056
1195
4282
4245
5763
1702
4877
122
8450
3899
1219
5746
6117
7161
4683
4719
9237
1654
1462
7877
77
9909
5644
172
7223
3769
6617
1475
4840
8872
5947
3248
6419
229
7493
2183
8283
2370
2305
3086
2622
9877
5184
8739
3390
9868
3458
2628
1522
1272
505
7952
7534
2501
8124
4757
6270
1094
6232
7463
6318
8531
711
2737
5113
8205
1272
3396
6927
9930
2834
9549
9807
8019
4641
3197
7887
4451
2177
9409
5724
2682
3713
3258
5183
1838
4367
7806
9284
599
5269
1954
5483
5980
1043
596
537
2316
344
3817
2246
9531
9718
8405
7550
4359
7954
5437
8811
132
1198
887
9166
4912
497
702
3102
4864
8508
8738
1815
3777
692
7298
9757
8087
4246
6647
403
943
464
9001
474
182
3758
8024
4542
1713
9813
9705
8197
7363
592
7363
8627
1089
8065
8081
2305
6573
6819
4120
6702
3863
7771
2812
1951
2017
9459
8706
9312
9923
4060
9786
6457
7818
4162
7351
5883
3975
7056
432
7691
4000
7796
6318
1441
2213
752
3746
5139
7571
7867
1841
7787
1990
4653
9738
359
464
4796
9672
6739
8856
9458
3197
3027
9973
548
5262
300
3957
5695
7991
7957
9843
662
5751
2056
1414
9497
7195
5337
3716
5389
3124
5706
42
9214
6066
507
4011
5738
3598
9219
1548
6795
8598
1521
3696
213
1822
7653
5908
6165
1962
2103
3179
7713
4159
4593
3563
7707
9931
7279
3096
9407
9338
3138
8622
5404
9997
2633
7494
3596
8204
5394
6743
6803
3268
439
7016
1442
4444
9276
7607
2759
1379
7139
6824
5538
1732
6739
9597
8015
4019
2693
7423
3357
2184
6045
5113
2181
5030
8959
2129
3234
4353
5225
37
3973
2016
3405
5415
2813
9033
9375
5572
412
6514
8748
2303
4598
5488
1900
2614
5859
946
6389
9216
3130
2434
681
1663
7464
9640
3793
7050
345
5370
3440
4319
7386
6845
6086
199
5879
1813
2123
2643
8327
872
1298
2926
2712
3199
1892
8571
4145
8281
4139
3627
7067
1172
5290
883
7164
5435
7933
7509
805
1373
8180
8192
4571
4267
4743
6802
6080
6867
9445
760
4091
744
38
6803
295
8282
1726
792
2915
2217
4419
9982
3389
6061
865
553
1497
5150
4414
2302
6524
2595
6846
1095
3214
7942
7897
5646
4809
3694
2758
5252
790
2796
8407
7437
7430
133
8229
345
8702
9000
327
2091
5062
7544
8996
2911
2695
3410
1565
9219
2357
8412
6666
1923
6354
915
7570
7515
4609
6680
9119
1752
5829
7526
9189
3259
4011
7419
3605
2713
2771
284
1156
4185
4181
152
7096
6876
9914
8662
2447
2272
7074
5465
4195
9780
6380
8117
3647
7341
4798
2766
9093
627
292
8283
238
655
2054
195
3368
4825
480
876
9011
1013
1028
2459
7889
7294
1121
6688
9566
4547
8505
114
679
4885
8231
4326
8578
9381
3444
7672
6360
88
2307
6599
743
713
3146
463
1890
9978
1339
901
991
8719
9713
5232
2366
834
8272
1932
5382
6777
8398
6061
1662
2982
6740
6593
8715
184
4265
5076
6625
2924
8027
3720
3637
1173
4184
5527
7504
1875
2781
8495
6947
2494
3728
9313
3328
2000
7597
5062
8778
5996
7476
6792
5330
4216
3385
4045
752
4002
9121
3729
6926
3500
7450
6915
1026
1634
8795
8530
9861
1576
7025
6808
422
7105
2473
102
5458
71
5165
4236
2419
2641
7380
7749
3209
7118
8146
313
1120
7268
4043
4399
7120
1493
7666
8146
9479
6461
6676
5692
8037
54
8853
8459
7159
1326
8562
2617
7749
79
3205
6520
9072
586
621
8633
7704
8768
8946
5176
2388
9341
5927
9508
7186
3594
7655
3017
55
683
8710
8093
737
3915
2904
7897
1593
7818
6866
9343
4249
72
2215
3321
7010
2837
1954
1066
1605
7253
6242
3993
6594
8522
3501
3781
2116
7508
3150
2171
8192
1860
6616
8929
5775
5873
3178
3721
3691
45
3064
4293
6469
1631
7614
3479
4468
5921
4545
2425
3174
7139
6418
9768
5661
6272
9901
4129
3780
3052
6301
8324
1264
9269
3606
3392
5142
6784
7113
5186
3181
6529
9479
9650
8160
3445
9481
2629
9366
378
5054
2540
3870
7825
8661
5883
449
4914
13
581
4318
6314
8906
5583
1935
2512
5327
7078
5648
2440
8616
8830
5321
8095
4832
3481
7892
666
2462
7259
1044
3869
9799
1266
8046
4812
7150
8495
6079
7163
9076
397
9829
7982
5980
1764
6846
1307
5194
8847
99
3810
7677
5420
8257
8861
5254
6150
5879
7716
9761
6924
7937
5912
8190
5983
725
5340
4478
6804
8855
9907
3553
8684
4241
9534
6801
1088
7193
1995
9935
3645
2158
3964
9065
6767
9177
671
9269
5057
8388
9030
8333
6325
4943
2875
2309
2020
4568
3139
5176
3423
3046
8729
8460
7288
4615
5261
4728
8161
3608
1015
1806
5766
4979
7223
8886
508
7895
4507
5565
2635
3538
250
5312
4833
3126
3973
3205
7694
7113
4733
1117
6511
9814
9577
3799
4430
1190
4879
8943
4799
5894
749
6917
7225
4324
2155
7734
8571
6663
9651
1206
201
9902
6519
1386
3028
492
943
7074
3957
5676
8191
469
1842
4121
620
6272
5311
5500
1567
6462
7746
8668
9732
4972
2993
1887
9058
1564
8550
8709
9123
5103
4963
1994
2841
4343
8838
3784
1417
2796
5812
5961
9617
7655
82
6589
279
1745
8441
1847
4560
6188
515
4292
7512
9860
6179
6570
7777
4730
1631
6900
9833
2947
8894
2675
7290
7732
2811
8708
6880
8624
4669
2849
2631
1103
9439
9262
9200
4232
1109
3760
6772
7977
4404
4284
7837
584
7206
1966
5314
5190
8866
1499
8137
4112
526
5427
8197
3338
487
5077
8314
1508
4279
7297
8963
70
6559
8164
4302
4021
8276
1075
1998
2681
1711
6187
9617
8918
8154
4931
4108
3372
2782
2245
7485
9661
4024
5682
9351
864
7111
7665
2372
7742
1314
7688
7812
7873
5852
2115
8246
480
9542
6596
9513
1253
9136
9130
6523
7290
413
6983
7014
3196
5580
4499
9209
9605
6533
8560
6821
9997
2577
9193
7739
3891
6881
5552
8116
9085
4019
6363
5918
9913
2959
5431
7518
2095
4562
4042
5737
4975
7377
2752
4523
2958
3603
3732
8915
6489
2292
5736
6486
4869
4929
4225
5112
8163
6129
3229
3600
148
9592
9518
6413
8903
4950
3932
999
9512
4326
3088
839
1703
5840
5363
4661
5796
9095
9928
2285
7740
5664
5123
2609
6946
5700
4074
5109
1830
7303
5061
8330
3247
4580
4744
2150
5882
5028
9501
1746
9354
2590
2585
1057
4782
4300
2071
6930
9748
1999
5567
7488
7664
690
6449
962
2743
523
6071
4573
7826
7484
9255
7425
8416
351
9576
4298
5379
5429
6044
4733
4371
4982
2143
9154
5634
566
6084
5382
8917
8004
2870
6581
8694
9320
3895
1437
6195
9966
2362
4022
3803
7970
7799
2219
8321
7375
6518
3701
9157
8914
4786
3528
248
6929
9034
5883
3847
1471
1265
2765
9475
488
5698
4521
6160
9594
2311
2355
5912
4673
2729
9715
2643
529
1935
7317
4256
4805
1018
3413
71
5804
3294
320
9086
2328
2555
2933
3799
172
2050
3274
7012
7749
7796
3172
7343
107
1880
3255
1132
4609
2971
128
1490
1258
7445
5747
6063
4815
5512
2486
6971
8806
9158
2409
7487
1713
5343
1286
8238
3745
4561
5250
1494
8709
8423
8837
5168
303
2093
2652
1264
1416
2780
2755
9026
6577
8502
1441
7744
366
3927
4716
5525
3086
7125
3012
1151
8820
4298
9389
2566
5211
992
4060
272
9415
9250
5440
6070
7695
8093
3686
9111
7225
6441
8137
155
1295
9578
7899
1662
9857
8967
3539
2943
2445
6551
447
1265
7201
6188
183
2413
7180
596
2685
6595
6198
4478
9017
3893
8923
2704
9356
2500
5497
7493
2655
6793
3423
6907
4807
9632
5874
8346
8928
8319
1249
9375
5937
8450
5563
2472
863
2744
3068
9901
5691
9266
4379
1061
3159
9654
3765
2515
2154
5614
6360
4810
2407
6135
1717
3566
5768
3943
8264
4696
2263
9513
423
4552
7964
5986
7024
8827
5082
93
5080
774
5711
9459
1835
5223
5465
1952
4090
7620
7566
6803
2430
6326
9290
499
6244
1410
4442
4509
2458
3057
4022
2881
7609
1986
5220
986
7166
302
7431
2246
1076
3142
8058
9263
4717
3523
1215
8808
1143
5134
5611
9925
7812
1253
424
4056
2664
1219
8565
5122
628
2588
8004
4590
926
3224
5576
8092
3526
3007
6691
955
2501
1101
218
7219
4624
7786
2379
2120
2920
4342
2045
732
5595
8822
1140
8259
6393
9706
9734
3373
8646
7738
7963
9572
7314
9891
4017
7192
2898
7060
8147
1752
8161
4718
5323
2785
2504
4054
1257
1776
8396
9655
8860
343
4829
0
4955
7574
9706
4689
947
4704
8779
8911
629
2445
8802
4646
9637
8053
1706
4137
6157
6219
8855
1480
5356
7711
1886
6614
9487
282
6269
4699
6977
7450
4699
1932
5024
758
2973
5971
5462
1752
1234
6091
4197
37
7089
3835
4442
5147
4324
599
1366
9531
8431
6723
7242
317
3337
3081
6951
5958
4132
280
9760
8831
2213
4784
5941
5186
755
1404
3291
8342
3847
7488
8379
937
7675
9173
6084
8351
9772
7451
7882
4555
4174
1476
4872
3863
909
8175
6173
5041
8455
5933
225
7020
7069
6166
8559
4176
3922
8202
2518
7770
2042
897
8707
9718
70
4791
4421
6194
8594
2304
749
9120
132
1973
9335
7394
6500
5508
2435
1308
7793
9012
4680
4862
5179
3239
9039
5453
7793
1557
3223
9836
8807
1930
5906
5229
3074
327
7776
1668
8983
8525
7141
9116
6851
6476
2862
3351
1985
5297
4659
6130
662
9340
993
2193
8931
6384
7646
3077
4293
870
2913
9452
9152
8819
4682
2226
9146
2458
3895
4482
7335
1036
9950
4186
3864
2812
3890
2201
4461
4901
8332
5123
593
5677
7316
5877
2061
1315
8954
2706
2185
1867
2159
1337
7038
3193
9916
6184
2003
163
7018
9338
7551
6968
9877
1415
9780
119
3617
4242
5020
1949
9365
1966
7626
3034
7843
6039
701
6797
5097
2886
5016
7256
575
2054
6801
491
4590
8804
654
1609
4495
8205
4929
724
9621
4710
843
3238
5304
2215
1539
4669
4181
5517
4055
8376
7908
4756
1525
3005
3994
6541
6614
4570
4947
3415
1413
9538
8572
8420
7499
9419
6625
2428
143
2598
7138
7338
2188
2442
9553
3727
3464
87
5596
3871
8463
9856
4980
9989
2862
8974
6530
5828
9896
7830
5595
7662
7368
519
6082
4867
9938
9059
3647
81
1658
7138
7419
3846
9580
3325
3926
9396
3412
5874
9620
1875
5731
4600
8216
4945
9926
1099
773
6175
8929
2720
3837
6297
3240
9919
7516
3178
8978
1163
9612
6988
4653
3383
7187
4234
6708
1113
9982
120
6987
9602
8348
9070
554
6564
4015
481
4015
1140
6656
2944
213
6845
5593
3453
3116
9461
2983
8446
6977
8947
5435
1630
2331
2622
5864
9039
87
2199
5512
3426
8153
3860
2497
8708
6776
2864
5541
792
357
8549
3736
570
5394
5682
4023
4862
5143
3358
3308
2120
2306
5095
3751
4637
7717
5967
28
4156
8166
5540
7583
6320
5752
6432
1380
8881
5648
6921
9673
6005
5470
9761
6575
7216
1795
6950
2078
6939
309
1738
9059
8967
6834
9162
9956
903
5130
9984
5060
9648
1877
8995
2320
3981
1779
3700
2862
7427
6973
8887
9785
8795
5001
6360
6011
6796
3311
4441
3735
9972
6180
9147
8939
3014
8309
5247
3917
9791
5231
5329
9440
3460
676
1760
7442
2455
1813
304
6235
8786
5544
6020
7582
545
8732
9945
7341
8395
739
7429
8367
6919
2928
3658
9933
1237
8905
202
7381
489
1884
6821
3949
2560
4933
7743
1368
6746
4400
7603
1885
9944
9975
5819
6841
8707
5764
534
3455
6503
4315
8174
9774
7243
1833
6059
4833
7090
6262
2214
3931
4498
9035
4233
7058
3968
1976
4778
7067
6376
2381
8952
2672
8708
4771
9513
3768
6887
6400
7223
9743
715
5397
9517
7959
3582
5577
9144
7025
8191
1358
956
2689
6745
5189
6099
713
7166
878
4132
9894
9611
3084
8919
8320
7855
4784
2088
1095
1184
5663
838
1900
1060
355
6211
995
2284
5355
8020
475
6713
8976
9516
3458
518
5616
523
4036
2846
1008
3930
2457
4092
2849
7129
8300
3986
5569
9395
5170
1232
6585
3422
8645
3292
9633
9640
5577
1340
4012
2404
4405
2988
8273
7863
9858
241
4739
3894
3087
5747
7825
1896
6191
7026
9026
4491
1012
4595
238
2535
2180
3175
5957
825
6468
1943
6817
8397
3283
829
801
7689
169
9074
1904
28
9315
2995
3922
2402
8742
8099
651
1286
1478
9677
2129
8842
624
2368
1377
2804
5543
7335
9981
8363
9278
6798
6760
8913
3979
7562
6602
4149
2988
8507
529
2304
1502
803
1058
6597
8903
8061
7883
6733
7738
12
5575
8363
8732
6953
7519
628
640
7501
8991
6270
4299
2104
5183
8279
9666
8138
8780
9006
6645
9309
7662
4499
112
5073
1096
5367
3134
5331
2100
873
1696
7676
5588
428
981
3107
7408
7973
608
2752
595
1260
4856
2130
5891
874
268
1023
9880
6913
6684
7543
1413
3148
2616
8861
8516
5750
4193
6968
2975
2241
996
4915
2669
1977
8023
6430
6302
4983
9182
6897
2595
4038
9028
4838
1264
9296
5861
1144
2562
2545
5039
327
5694
4007
5540
562
9758
6085
7530
9085
8326
8527
4001
996
6856
8376
3778
9511
9711
2960
2760
8659
3350
8140
3497
4614
3789
5711
2110
6351
4608
7150
3030
6654
1157
8570
7216
7267
4656
1099
2705
9334
5978
3058
6682
9186
1434
460
8697
7497
9772
7810
6156
3122
5950
6006
4088
9739
1717
2551
6090
2677
6053
5472
9332
7210
395
2900
830
1403
3999
9887
737
6329
2945
7420
5516
731
7880
565
8228
7653
8375
737
7127
4326
3095
7568
4065
1164
119
6508
3841
6172
8332
3173
9734
8727
6074
6916
130
6425
6803
868
2755
6100
8288
4623
6831
2520
5188
1412
6525
3564
8501
3653
4242
1596
7573
4659
2760
7692
7519
6601
216
5852
6127
6302
4579
2201
9571
4710
4978
2726
1930
7733
8827
6570
2356
2010
5442
3897
3422
1968
3813
8275
5621
8055
6223
9546
9066
8983
7238
6586
1937
3806
2438
8064
6460
7017
6617
6031
8079
1595
8758
6361
5681
3937
2931
4389
5947
8374
8286
5722
6694
2099
3997
8667
154
221
8213
9221
5556
1803
5807
3845
5609
4597
1909
2069
1614
4878
4453
6046
2826
3211
2407
8507
7148
1691
9248
9447
6417
7535
5169
3111
9634
5519
1778
6141
5740
9991
5362
7648
1794
7521
1494
3755
2118
9755
2176
84
986
2981
2482
3812
6192
4890
8671
9692
2933
7919
5492
5702
5454
661
8813
5089
6180
6943
7582
8272
3286
9296
2273
1432
6817
3767
5187
5287
9874
3715
1723
860
6697
4206
4672
9241
5448
9695
5286
8381
7615
778
4083
9421
7791
9248
862
324
6191
8444
8596
5829
7740
7221
7261
909
988
8800
2548
7215
8867
4272
8075
5564
4830
9100
1158
278
8795
2796
5011
2762
3574
5446
2184
7717
1046
3046
8041
3589
1491
2990
9418
5583
211
3031
6493
7552
1831
9041
4767
698
9665
2842
2615
4495
1942
125
1125
7090
2921
2488
9852
2847
4286
2036
564
5332
1435
4958
8921
9278
7948
4691
4861
8159
7722
7706
5711
9553
3100
478
6604
2765
9673
5571
3613
7967
5696
4738
5057
4969
3579
4910
4168
7865
3298
1084
3198
4733
6042
8471
363
3990
3163
5225
2150
885
9283
7861
6791
2383
4692
9747
5149
4365
5318
8762
2332
7366
9852
3742
8687
3431
8652
2855
1297
1950
3939
847
3036
9982
9318
3399
3972
2481
4976
2474
9719
4260
6688
2862
2995
1380
2609
8144
2097
4279
3258
781
7997
9463
4523
6684
9246
9527
5891
543
7830
9830
7742
866
6164
7061
617
6489
5894
1946
5315
1965
2558
2003
4827
5553
9735
3788
50
8184
4419
9660
8966
2416
9123
9841
5452
4722
9369
1343
1617
7199
7526
9360
4417
42
6421
1386
2883
8667
3332
8199
633
2242
202
5460
4148
6290
5601
4198
4474
20
3858
9792
2437
9334
9634
4241
4056
5355
1937
5673
2554
5815
1385
3323
5857
7806
1061
8741
2826
4394
6940
3459
2988
3494
5271
7136
9784
872
1334
611
893
1545
403
9682
7231
37
275
7639
1744
2212
9664
650
4379
1050
3973
237
5208
5035
5330
8034
5781
8622
7845
5121
2116
3117
2258
8253
3989
9944
8864
1234
7841
9267
7268
1424
5657
7544
9063
7401
6108
5080
8052
488
2482
8377
725
7690
9764
2407
2077
5545
1029
9922
7019
9497
9391
9277
4102
9733
5573
2966
7319
3415
8586
4588
4839
595
2132
255
7996
8240
1687
2400
8728
4169
7130
5805
1859
6894
8212
288
8792
5593
6563
5811
1443
5954
5088
5545
5687
7013
8512
3007
428
3450
3947
1620
4045
6079
8227
8393
671
9914
794
9400
4083
4276
1557
2294
1170
6122
2583
9962
1715
9146
2125
3158
1452
7213
8704
3492
579
3568
6499
1007
7018
6798
8979
7415
2877
7206
5808
9900
3472
2954
5652
7555
7230
7210
9850
4753
3332
8785
4715
1399
7931
6841
4558
9383
406
9614
2875
985
9534
5726
8345
2904
2524
3676
319
1753
883
2479
1654
707
1786
3658
8263
5368
868
4465
121
552
3250
1189
1952
1181
8030
2862
6916
4788
8828
6144
2126
8362
1870
6823
1266
747
499
7937
8852
7734
416
6858
8442
8554
517
3057
3923
1385
7522
4044
8290
772
5233
242
8305
9615
3104
1573
756
8284
7717
2882
6646
5940
6057
4264
6687
6556
2201
1891
643
8969
8750
5437
3876
9267
8494
7799
7004
6016
1843
5294
3140
3429
1888
7797
3044
1344
9370
3800
9628
3440
3034
2626
9380
9091
6890
2419
2000
5443
662
2643
765
9412
8080
4641
5031
2926
2440
8388
5294
635
34
8434
4064
1923
2583
3461
3267
8305
7261
9248
1745
6648
1874
7477
5739
5117
6248
7739
560
6911
6734
7677
6323
1166
8670
7707
4092
1110
6095
9386
8098
6129
4172
8514
4404
3107
1975
4024
1413
5589
3272
3158
2237
1498
6988
4328
6615
3236
8420
3528
147
5154
7557
2823
2673
6228
6882
3117
3690
2977
8856
1788
5458
9380
6655
9863
2488
8630
3887
3901
571
7159
3411
2808
5009
399
7137
7977
9988
5557
1505
6487
7063
9062
9310
6088
1642
6192
9206
5333
5521
8062
7121
980
7442
3776
843
9930
8759
1082
183
9330
8241
3595
8491
9602
346
1980
7579
334
7537
5436
6822
952
851
2484
7041
2493
5029
6247
7826
550
661
4948
7882
8103
5076
5077
4386
3835
6159
4569
9518
752
4516
8009
355
4863
9989
7934
5197
3878
9723
8371
1182
574
7208
4575
3067
2237
7174
894
9139
7835
2194
3374
2291
7270
8451
6677
7458
4611
7598
3328
1715
2115
7689
2070
6978
7678
6357
8527
7908
6080
3251
9090
3006
459
18
6073
9048
7192
6967
4539
5028
5513
4265
3671
9136
2717
348
2946
3680
4298
6274
1747
6413
3963
3818
9743
7993
6527
8271
5901
8959
7874
1343
1965
4685
1361
8038
3733
4906
1358
4624
9934
3223
8890
3605
2359
7959
305
5305
7991
955
1579
9738
7369
1894
9908
3464
9887
2787
1735
2140
1746
5961
9836
3711
646
7549
8102
731
2455
5812
1708
8741
9035
6950
8698
7747
4909
5355
3052
9252
6311
984
5342
32
2878
5251
3496
9118
8038
1584
1258
9785
7545
1094
9848
8192
8644
4302
5275
7451
6466
6983
6193
1854
3933
4891
9601
5194
247
9005
4446
2910
9989
9789
2942
2868
1392
6438
1986
9430
8022
9596
5567
5568
7043
1768
112
2039
2422
5387
9490
8889
8723
5683
7095
2656
6927
6696
4203
3526
5701
5001
2788
2043
4790
5730
4911
2534
2168
3249
1965
6543
9197
3884
2111
6240
2004
8575
8279
4427
314
7770
9668
9037
9805
6763
8046
3084
9811
2249
2962
1864
7250
5750
3907
8393
1480
5170
927
1
8419
9244
6544
3969
9481
5007
209
1485
3582
4841
5912
3896
2611
5580
9286
8768
8695
3684
8205
8506
5933
1167
371
9535
3270
4278
4280
1102
9449
1560
1103
4220
7156
3999
8189
6637
9006
4751
8123
8940
9592
387
9189
8555
2320
8475
3675
1015
2159
1880
5874
4444
9400
6245
331
2670
6875
4612
3772
2676
2524
1228
6897
9680
5227
1438
2670
586
2541
7145
9526
8485
7532
8715
7040
6204
3542
716
7220
5701
2596
9446
6497
1996
5691
6829
1018
8918
7793
4791
1595
317
6019
4844
6349
7598
2634
5371
8184
5176
2516
7711
3661
6401
6426
7054
2605
9969
7770
6177
2022
6718
5623
8520
5067
7666
1701
6085
6585
9494
7228
4532
6163
3247
9376
8864
846
2010
4236
5382
3538
6752
3093
7200
9505
5872
4254
8463
2193
8376
4640
567
5094
6616
9087
161
634
788
2599
3571
6634
9827
8103
2797
9427
7479
1662
6625
5842
2250
2007
9380
5354
1453
6580
4860
7325
7186
3323
5870
5562
4315
6437
7009
931
1877
3522
1566
9017
6121
5137
2004
5949
9593
4801
1728
7072
2815
8353
9266
5065
360
8647
420
8165
1579
5280
1842
8766
4955
7712
680
9270
502
7689
6554
8731
1212
8120
4100
7333
9609
6104
9634
5554
906
1362
8979
73
6067
8245
1491
2780
6892
1911
945
8472
3543
2788
3590
4850
6852
4270
4120
3706
1960
674
2437
3172
5146
6538
6857
1108
2642
2844
6662
9900
558
5641
6326
6626
239
7817
9406
7131
9728
6703
1955
9623
5843
5545
4473
2696
6168
4945
2754
8128
1972
5192
7652
7118
8082
861
4578
724
3705
7593
6977
4264
9586
3303
7242
9825
7472
3000
6957
3552
9703
5264
3175
1899
7162
4000
4595
3330
5297
7349
7810
7269
8893
5462
740
6975
6323
5318
4052
6381
2911
7381
645
8850
7036
4239
8675
4508
7239
1984
8060
6942
7249
7587
8841
4411
1587
9788
7741
6884
3490
5551
506
8735
7365
1246
5711
40
6564
6115
6421
5828
3496
3418
1030
6884
7657
9705
1392
4896
1690
9452
8191
8939
3391
3384
3350
1330
9525
7443
8214
9367
2994
5072
8102
359
6318
165
6751
9235
2632
3173
1415
6128
2943
2445
9364
601
2150
756
1849
3840
6560
6392
9131
9951
6129
8833
1281
5654
6276
5848
5021
5622
7272
9475
2333
3591
9641
9085
2826
8625
2258
593
1106
1553
3038
470
2154
1540
1227
356
1733
4139
3100
864
443
9229
9698
8076
4883
2326
276
6256
7949
7549
2084
282
1140
8077
5719
318
6702
4329
911
7808
5883
301
8279
4389
1841
5858
4745
3574
9997
7846
791
6792
3427
6841
4869
4663
9167
5145
7271
7116
2694
9355
3751
186
7432
9470
504
487
3800
7767
8295
6035
8068
2926
424
6262
8784
1522
9836
5134
5720
627
8278
9147
7468
3147
3810
2988
4645
1082
104
7339
437
207
3878
4222
6030
734
1061
6182
8502
5708
2217
2922
8635
2641
9184
3771
4163
9021
5257
9883
6000
3536
5383
9821
3035
9193
2809
7680
6627
9265
1372
3417
5825
5250
3991
1855
5984
5052
8037
838
760
6606
3761
5747
9247
9297
5871
9763
4670
1128
5998
671
1016
7733
6844
4052
6927
9653
8084
3554
8918
9456
3323
1095
1058
7314
2950
3395
2366
7339
4233
9479
3945
4346
5226
9545
3644
7449
9308
8314
8578
1658
5337
5946
9392
2181
9998
2671
8186
8083
2577
3457
3891
5901
4552
4950
3215
7503
8345
1934
1194
8930
7765
5140
3277
9343
4685
3273
6793
345
7939
5371
8355
9629
7669
7747
8162
7668
6770
6349
2103
9348
6158
5994
1601
710
944
4816
4565
5641
3102
5760
4572
867
900
4201
211
1937
3826
7004
2282
1765
8727
6989
7746
6396
4737
5909
416
7859
8610
2519
7207
4768
4866
8808
5478
2162
9977
6396
7804
3079
2156
8728
299
9408
2929
6862
1345
6755
3866
9979
4872
8945
6968
2619
5341
8057
4880
2110
5917
3490
981
3124
8258
5847
8285
88
8010
8262
6484
2166
7693
4992
894
4344
4400
175
1206
2097
6930
5072
2076
8154
369
5397
773
2063
3454
2005
4173
5723
5495
5154
5200
105
1002
3485
194
5364
8099
3030
3882
2144
4375
1128
6489
8775
1303
7695
7225
4585
9120
5653
2739
9489
1050
9865
1552
857
1870
2077
6580
3718
7232
1780
3823
4586
1617
369
6302
9716
9752
184
1861
4127
7664
4702
9254
8967
2397
6479
3552
7869
2133
2643
3711
3183
2508
1615
392
731
3693
6973
4449
7277
5105
4624
8215
6723
1346
869
6439
1098
7405
4652
1577
5069
9354
831
4036
8104
3663
3940
2325
5796
6583
6036
5331
5444
7652
5724
6175
7697
9049
6976
1326
4154
7952
9541
877
9298
410
3669
6748
7815
8321
8325
2884
4028
5509
3272
8484
9172
7212
809
1320
3795
3198
3003
9239
7202
8727
1766
1251
4128
5094
2577
8283
3047
2118
9160
8697
8880
9181
5446
3047
7503
123
5931
7883
1984
5555
2719
7508
2767
3528
8828
6562
3078
1832
2154
6632
6911
272
7883
1040
5367
460
9323
8414
8930
4835
7111
7810
4017
8909
7209
7872
5385
3140
2107
7369
5047
4826
4878
7814
4706
58
729
7785
1890
9235
4417
5154
9507
8653
6194
4874
9113
1869
3288
4396
3056
6752
8558
3425
2013
5768
7649
7398
5260
9756
1120
308
4582
5998
8122
9289
2408
5203
3426
4299
4438
4195
5805
3946
2848
1999
8820
8314
220
8461
2710
9628
1565
7620
3054
3578
3388
703
7329
8649
6812
8449
5309
1394
799
9783
7035
3207
4987
6813
3858
9425
1009
6015
3371
209
4366
8544
8523
4586
7005
7585
567
8570
1558
3621
8500
4946
676
2181
9947
3840
630
5256
5235
7781
5040
8622
7341
6379
5436
7551
5804
2797
3567
5528
3006
7933
4072
7882
8872
7429
5467
9439
2351
7025
9412
7203
8324
6440
9385
4623
281
6367
9880
1868
501
1272
490
7842
7651
2278
1745
9807
5075
5312
1687
8082
9598
2111
5964
8470
9540
7783
4261
8243
1161
3673
1799
9485
113
1184
460
6746
3903
340
8614
4404
7964
9105
2246
1967
1383
3992
8127
6459
5656
9814
893
5254
1926
6857
76
7818
4640
4337
2414
2153
4362
4213
7990
828
1749
8451
7574
5652
5143
6189
57
3108
5294
2303
1427
3029
2647
9554
5840
4656
9369
6733
9910
7647
9942
6339
5465
935
7028
4231
3088
1391
8444
1079
2219
193
9530
9793
5846
4673
5982
2255
4133
7628
910
1913
7010
3558
1467
9202
4566
7188
2288
828
4835
2230
7167
6653
3165
4196
884
2606
1939
5681
3685
4158
5874
9567
303
8072
592
2638
327
4726
6618
7590
2991
3628
1148
4458
2831
2066
7999
1471
2894
2834
3701
62
5839
3219
610
3076
5825
2549
8757
9510
6707
983
5429
7010
5408
6021
6000
2087
7099
2619
9677
90
6247
7177
901
5430
9243
8900
6901
2138
8086
6955
8552
3926
174
9162
3354
5999
1711
8463
1861
4770
9446
7290
8132
1206
3311
4133
3294
6763
6752
9323
6853
9351
2853
7754
1134
2096
3006
8035
586
1093
1342
5490
1371
1516
4652
4725
3867
2715
3188
5728
3837
8986
9370
8322
6545
9034
2455
6191
5797
5559
5514
9002
1262
8367
3109
2396
6816
6115
6784
3754
7208
8126
9245
4931
5995
249
9656
9862
9317
9196
1943
3154
4535
7665
1476
1080
6699
283
7271
8848
2194
9137
4203
3457
3857
7312
5853
673
3427
8989
779
6988
7116
24
1919
3111
6626
7928
9325
5943
3476
7620
5449
8011
5286
3278
5443
8337
3561
9066
3538
2108
8204
7741
5565
2061
1405
7770
9086
1184
6760
6217
8172
228
2594
6444
9691
9220
724
9016
1515
4200
2989
6964
8564
8275
242
4007
2964
156
3074
6502
2264
7630
595
4181
6043
2000
8303
5129
3185
1415
7698
7709
1643
292
4153
1334
9512
4877
6703
1027
5430
9692
7992
3994
4319
4586
8001
7283
1094
7427
138
9710
5057
733
3891
1100
2734
8547
2581
2271
9962
280
9980
1606
572
4134
9292
6437
5363
5995
7464
793
5687
1808
4787
6
2747
9141
3642
3841
2920
3780
3552
7978
865
3795
5430
9951
2342
4364
2222
8657
4644
2203
263
1568
2689
5907
8005
4404
1903
1822
5198
3942
9982
6337
3949
9081
1830
3943
2923
4751
4075
2827
2729
1292
2974
4511
1244
1669
8875
9818
326
3519
2021
6941
1440
1062
2848
5797
5467
4751
3971
7017
8694
306
3354
8995
9387
5185
9290
8662
6288
3365
7841
9017
1009
816
3528
2253
2485
8756
2072
9163
2275
445
6104
67
7860
5304
5865
3327
56
9836
6696
5102
6494
6402
449
5882
7939
6091
4544
4227
5808
8738
3244
6817
9554
3125
9071
8391
1881
7495
7554
508
7940
3658
576
2152
8962
2793
5479
5370
8981
8527
6824
5476
4930
3625
1358
2869
9716
2254
7097
5524
992
6693
2342
6898
9818
7765
5289
8051
5260
2843
4912
9552
2853
5488
1705
8168
4633
3536
3538
3614
2064
6715
5442
3346
340
6800
6215
6409
5407
9664
1933
2751
6358
627
6002
2528
8392
1291
580
4
487
1844
5909
3340
7332
7614
1508
8317
7502
1399
8283
5918
8114
3726
9264
4806
6878
1832
1215
2285
1496
9501
1389
7854
128
3743
6735
4873
5034
3667
1229
1873
5511
7138
5214
9195
1104
3074
7512
8607
4473
5795
4525
8939
9521
142
3746
6400
1974
1313
5037
9822
814
2778
4029
7295
6521
764
2168
7908
4431
9749
9781
9942
6888
1347
9137
7992
4422
6649
2951
5247
8796
3829
4187
4670
3971
4285
1070
2297
5598
2459
8471
2765
1590
2500
60
8111
3264
8580
2371
7695
8329
2153
3989
1569
3500
3126
9562
4274
6127
8865
9522
4924
2694
3709
9594
3017
4346
7016
1666
9944
5827
138
9061
7417
2638
9121
1881
2255
4053
4252
6302
2383
2757
292
3952
2610
3418
9866
6884
5898
5084
6406
7174
7778
6467
3120
7148
813
6488
8814
7110
2315
8952
6171
6085
7943
5293
7966
198
9346
8570
6500
8081
1328
3144
8386
3938
2915
4604
822
8813
9688
3581
5987
7467
48
5459
4615
7214
1947
9781
4324
614
5086
6847
6699
9381
8492
4665
5931
7839
3236
2431
2272
916
1928
658
4854
4843
5263
2028
3656
4951
5609
5995
8770
2010
7806
9737
5576
9753
5871
6252
367
957
3099
7067
338
1592
8084
6269
5783
7672
5052
8055
8588
3332
5066
9794
8175
6681
1823
8183
7984
3784
4178
3107
2146
1984
2844
7722
8089
5067
326
4809
6024
3426
8228
2714
5018
6312
5335
7153
337
6740
5208
5277
72
6626
5072
8248
9659
3247
6431
7644
3383
6962
751
1882
5298
9947
5956
9740
1367
6283
4549
7391
9709
2777
6458
1079
5441
8145
8232
2130
4885
9792
7408
1310
2771
8832
5910
2430
8431
8693
74
8166
2007
7177
48
7306
3477
6005
7046
4844
8640
7947
8587
4701
724
1397
2132
2517
9543
364
4648
780
6508
2056
8442
9279
7240
4352
8062
5671
9398
4488
3837
1405
1666
238
8711
1495
6243
2109
2691
1235
56
7630
5936
780
9028
8068
9650
4923
4784
4298
2055
7644
2706
498
6924
9946
1202
4986
1969
600
5826
5806
2006
3844
6044
7069
5339
8639
9179
4382
9874
5587
8365
2162
2720
7393
6582
2370
8668
1366
6668
7075
9011
9374
7573
2287
5672
5128
3625
7641
2080
9451
9799
4086
3296
5844
7508
4987
835
6687
5722
7062
8626
4087
9224
1346
7832
5807
3716
2852
3525
6736
9927
8888
2462
3853
7527
8134
8981
7504
5775
1061
3308
1927
1500
2956
7771
9008
4295
4958
2047
17
2020
673
456
7597
8372
8288
3404
2088
1140
3281
8825
1068
8522
1287
4921
6049
5774
254
9906
7901
7667
3214
9828
5519
2522
7599
879
6817
8910
2926
6835
930
9952
3643
8527
8324
1932
8283
6764
9424
7917
5589
492
6439
3229
1765
8840
9003
8371
5098
6904
2391
8312
3085
7910
834
684
8790
4004
5946
8068
7191
6877
8020
834
1756
2696
2766
40
9461
2191
7957
1402
9035
748
983
7153
5940
9986
5524
1039
3243
7915
5703
6328
5826
6538
3364
968
6894
9311
9036
4085
2540
7057
4919
4296
6105
7686
688
5566
6229
4997
3321
5264
5745
4304
8769
1686
4291
4294
9077
3886
8561
4780
6566
739
7670
6282
1707
4564
5593
744
8649
4485
4153
3569
5134
258
7607
5822
2177
3836
820
5498
5452
2917
9802
4222
955
445
4868
32
683
9781
4813
7249
521
2483
3532
8580
7048
5477
5676
5697
9963
6181
5618
5097
2792
3225
7271
4969
3413
8091
6819
5218
1009
6621
9440
1964
3419
660
1997
4102
441
3162
1352
7314
5645
1236
5895
9045
6713
7923
1095
3028
4105
6713
4477
6897
6291
1749
8218
9704
9840
5037
4922
7201
8010
714
5518
1429
7726
3867
5532
8168
7029
3236
1834
9026
4472
4081
8072
7537
2005
5519
566
2462
2232
5043
9359
8523
3144
3929
4580
9337
8966
5854
6538
6976
6569
2056
4758
4295
2275
290
8815
9304
9878
7002
4683
4350
1083
9107
1887
9440
4626
8805
1902
3210
3849
7613
1734
6993
1542
2666
6330
6860
8520
9221
3837
1441
7629
4947
2089
9905
5237
904
5561
5115
7906
244
5817
5342
9351
7704
4782
3977
6510
6685
7188
6711
650
5274
56
2193
4292
2739
9053
9164
8312
9242
606
5941
4189
2695
2198
5778
9951
7760
7245
4210
8004
3062
9552
3708
7119
686
4037
9981
3723
7577
3044
4374
2851
3100
2919
3495
2191
8324
2660
503
7567
3266
2797
8108
2313
4995
239
8616
2755
7484
2826
7112
6899
8730
820
370
9417
1209
351
3140
8787
9747
7514
7990
9199
433
1486
1391
8758
498
8246
2677
116
1043
7137
2429
6039
7376
1045
8794
1213
224
2258
8112
8954
3078
8482
8371
640
5185
1512
9427
4932
9026
3769
4131
5812
5255
5522
922
5753
121
3599
5869
1164
7088
4650
7203
4465
2048
5998
5678
2272
8256
142
1226
7687
4976
9598
4679
161
7462
4106
5093
2840
4227
5576
8652
9483
7451
5926
1588
7572
5877
3810
8736
2966
4812
5940
7431
6860
8290
9461
9132
2898
9603
6711
6937
4579
2661
7968
1092
123
2074
2537
2963
6302
8113
7968
2137
5564
3894
77
9488
9772
3887
8225
2738
5052
517
6521
1912
5159
2334
7397
8057
8289
4108
1347
2868
6769
9315
312
6892
7742
2849
6207
396
962
4175
8885
2879
4422
8962
2367
4194
9202
6944
3284
4254
7461
6157
2518
2620
8491
9915
7030
6780
4023
4729
6000
792
4044
6312
4036
8138
9161
244
4886
6475
4419
3771
5706
8841
9086
8074
9387
8288
5018
9023
8894
2480
5180
1412
1452
23
1328
4834
6803
5351
9563
9155
2496
9960
5467
6532
8098
980
6776
2985
3808
7548
3108
9514
2741
2194
3940
2129
6834
8959
1152
5728
7791
2685
3493
5595
2708
4821
430
5864
6524
9993
5019
9020
9953
6839
1905
4404
4171
8681
7389
7979
2581
497
3846
5323
9044
7786
7452
5878
3097
4956
7959
888
3993
1452
6484
6702
2625
6914
2566
9149
6907
3937
4522
3213
776
6427
7617
1300
1460
1358
9279
4042
8207
9477
9365
7251
7264
3169
3130
361
4477
7441
7602
8471
8893
4086
5173
1518
7352
4091
7019
611
4380
1541
3824
5157
4320
1441
2809
5781
9151
2088
6175
7359
7918
1892
4610
5182
5061
4092
1895
9538
1533
9497
4361
6778
9935
9534
8296
3639
9977
1668
4251
4358
3209
4427
5867
7530
5869
8676
9663
5020
7116
5838
8731
5034
4082
3342
6568
9143
7434
4816
5033
5320
665
9395
2098
6953
5281
6747
592
1611
4767
4843
5969
7976
9271
8188
1858
1492
3216
7873
2864
332
63
1596
1719
4145
4938
4639
9640
8724
5807
4674
396
6473
421
8847
3426
2054
1946
4018
3665
6713
5214
9634
1041
837
4174
2900
2329
7390
773
5193
4075
7189
3141
2146
1334
4431
3137
975
9508
8945
2001
9904
1770
2422
5103
1548
4476
7049
1918
8142
3762
7132
4128
4804
7969
4655
4056
6650
2045
1181
8196
2472
8370
1337
4618
6057
5769
7756
7032
1629
3053
9033
1533
4823
7807
6637
2723
8635
38
4641
3129
3801
8126
3610
4957
6095
8265
5365
9098
6662
2898
7294
9135
1269
8631
105
7326
752
4213
710
8733
7266
6095
267
8441
3902
3256
1164
8889
3294
2158
2019
3447
284
1981
4756
2731
246
6473
1829
3260
9372
9123
2395
6993
4107
2501
4319
1211
6714
1381
9945
333
7476
6564
8774
7730
6172
6291
6619
5818
8449
4990
5618
8733
6971
374
7816
3569
6848
9646
6830
2572
5121
5577
9565
5580
4430
236
3144
7497
1617
3089
7830
9093
6005
2956
3175
2177
5599
9794
4347
4048
1137
9965
9133
4460
340
6950
8030
3540
2948
1212
6112
8069
3141
2029
2
7572
2265
3146
5069
3882
6235
9251
9327
8592
8559
2502
7121
4159
8648
1468
4559
9785
1434
3693
4246
8126
6995
8628
1666
9943
6192
4130
4364
9333
6159
4366
6905
8424
7512
8326
8658
99
3929
7985
8691
2489
487
2164
6648
9135
3633
7559
5273
5067
1252
5871
3193
4599
4499
1211
894
691
5341
5259
6376
7852
5977
9634
2628
3490
4312
7638
9941
8242
5623
4985
731
2462
7149
3731
7949
782
1290
9574
2201
8895
5445
5394
3494
9944
2957
4389
6987
4650
6000
9716
2502
1977
9350
1482
1819
3662
9120
8113
1904
1095
3098
8987
9909
6599
9070
7859
3734
6713
7433
5935
5608
2879
7682
5454
9175
639
6195
2515
5290
8547
2231
4144
6877
1581
1979
8696
5243
1099
3161
3500
8547
2611
8839
8456
9211
7910
2667
9297
4623
101
5232
6583
9332
9266
2037
4859
9906
4585
7374
1548
3132
5957
2044
9
7538
4023
5058
9134
1475
4571
8986
6374
7183
7825
4830
2746
2087
7498
2043
3062
3951
3627
9645
3283
2894
8035
4494
9152
8972
1869
7052
2104
4178
9096
8466
1717
9472
3524
7203
7299
8095
2541
3673
1630
366
8503
4376
8806
2353
2771
1868
6304
6399
7866
5939
5645
5901
434
1149
4873
8655
8201
3329
2833
3649
1795
902
9473
1671
4457
6772
6119
6998
445
7749
3717
5301
8478
2523
7654
1249
743
3959
7648
8609
9898
9645
4510
6684
794
5735
5339
5347
5417
4525
5349
7212
5427
4822
5236
9885
1595
1355
6883
8392
9104
6952
45
7582
5827
7700
5184
6571
8011
9184
5180
4261
8830
6043
946
5976
8130
2637
1324
3547
7162
6673
7112
2590
7847
2348
8827
5794
3703
2062
4187
9159
9015
4232
6742
4842
8284
8278
7765
6295
7462
2946
6909
6292
5341
4207
8621
3471
6844
9945
3371
4007
2970
483
2949
817
2831
8128
6612
6534
190
7151
5693
5557
7735
8787
6752
2372
7065
4517
5019
880
3815
1928
3524
5508
6135
2145
5332
2980
8442
8703
3339
7764
9186
2640
8582
8369
7120
1546
1255
7310
5049
3300
9220
9136
8440
2324
1508
5505
3193
6528
2737
7009
8456
6262
8869
944
8407
4201
3924
3202
2904
3615
966
8442
2607
5900
3163
9727
3798
4418
3389
8847
7719
2609
4336
6159
1285
5844
8016
4479
8724
754
7840
7181
3368
6709
4477
8127
911
4753
1329
167
8368
2296
4962
7327
4548
8125
7054
8347
2544
443
3546
6615
9405
7882
2774
690
79
7142
1521
8803
4248
9361
2336
7616
6071
6813
5744
3334
1566
3425
3501
6286
5721
8463
3613
6622
2941
667
4969
5485
7463
8515
2100
3220
2750
1226
262
2829
8368
1784
1632
2617
1145
3969
6585
7216
7134
2329
6902
8701
2107
6756
1339
4180
1571
4953
802
4512
1972
5771
6349
5787
639
4801
9007
3389
6027
9270
6218
748
1054
4202
9717
2199
4523
6302
5768
1658
4984
9022
6711
3443
5778
8050
7623
7350
9355
8426
1862
1328
4197
8212
7115
1188
3013
2475
4577
5393
1745
7147
6141
2799
1350
2210
1350
5873
4864
3470
3883
6200
2493
6946
9643
8271
4997
7267
5621
704
5693
7484
8384
6242
2048
5500
7431
5061
7975
8360
454
6072
5508
2947
8871
3210
5157
6573
5435
6374
44
9319
2574
2537
2617
2218
808
7614
9485
2782
4671
1530
6618
3055
7772
8666
4907
1555
79
2882
9916
6886
8954
1776
9833
4177
4986
1343
751
6773
7717
7147
2444
291
9684
5062
8861
6844
9028
8346
5978
3699
6228
2596
6755
4001
7614
1662
1908
7694
897
1824
4580
6203
9952
765
381
1290
2108
7484
8064
6177
983
508
2821
667
5570
1682
3863
4599
6381
9842
4650
2609
8790
1405
2962
6405
3068
4871
4099
317
3047
5031
6520
9352
5796
3253
642
4257
737
8706
434
8072
5567
9607
5091
7489
1290
8955
8440
4023
5149
3091
2984
291
848
5947
6696
3916
7170
7147
585
6569
2178
7106
5921
4327
359
6564
8584
7449
1622
5370
5521
3541
4978
613
1031
2620
5920
5823
2995
7421
8914
5979
7712
6115
8278
761
6383
1800
7908
6969
8370
6439
4075
4291
766
786
7207
5702
8235
5182
7424
109
8723
8754
722
6106
7726
2994
1930
721
415
7196
3053
8127
3311
7683
8888
9695
9484
3149
3016
4206
9588
7091
4849
6706
7877
2057
2408
2465
7239
6184
2574
2314
4939
9648
8421
2665
2642
6703
9739
3057
3899
2792
7536
3563
475
6425
9610
6311
9574
2626
517
5514
6069
5367
2220
298
3776
980
9115
1015
7164
1689
3329
8455
7689
8102
1121
6683
4805
860
6092
5057
3652
3629
8620
479
6406
4582
6791
2332
3560
3660
7846
9629
9027
66
6279
2803
7398
5395
170
914
3436
9852
9370
1126
7954
491
4161
2760
7703
254
7817
7707
3883
2789
8186
289
3723
1329
2621
7283
4990
6819
3264
369
3237
9543
3173
635
4938
9695
1549
8375
9547
919
5853
7502
7762
14
6614
5465
268
783
9524
4151
9924
7711
792
3647
5392
9765
7282
382
6584
546
752
6173
89
277
6808
5028
9972
4710
3403
5872
1981
5608
9726
6096
5622
6340
7913
5891
3475
7438
6394
3399
5149
3539
3398
6893
3304
680
7276
6241
1226
4380
2414
1315
1009
5575
2695
7333
285
2450
3205
8618
8058
9283
4714
3681
5623
2628
5924
5450
66
2318
8849
1567
5857
2247
8460
5514
9279
2088
8107
505
2820
521
1821
3829
2448
4516
7515
9085
3319
7072
7704
1377
6356
2418
5058
8331
1398
982
3782
1464
9653
8983
9383
1862
7583
7844
7376
6862
6284
5483
3720
9105
2357
5541
9286
4805
6409
6801
3891
6080
226
7947
7458
6582
6717
8868
1265
8116
9851
5047
5932
5856
383
5316
7718
7966
9512
5095
1180
5796
6930
4900
1253
9287
6793
6892
445
9555
3693
688
5635
271
8635
3093
6853
5352
1962
8119
3468
8165
9518
5753
4021
9901
1069
8091
4219
581
9538
1752
2729
6469
3004
335
2108
9798
7227
8905
5705
7272
9593
1340
7544
8228
786
749
9933
9100
8868
9753
7265
4739
5506
7638
992
2927
2081
1564
9860
1620
3316
2590
8089
6320
9277
6549
2470
6504
5455
8175
3776
5048
5868
1320
9629
6654
2070
5914
5754
7290
5667
9371
8381
7526
3361
9374
453
5442
7290
6666
3414
606
5608
7855
3278
4885
4405
2101
1389
9860
6628
1517
1260
2496
9190
889
5502
7612
3155
7608
1254
5175
6979
9636
2701
6692
5362
9506
8487
2652
2524
1901
9610
8132
9757
9240
3017
4162
7693
758
374
4322
8628
1634
6818
7818
8876
8673
1782
8383
6281
3036
3558
9613
9024
2611
6305
4386
2118
1144
3390
994
3046
9352
9127
9155
8593
8496
9669
6286
9255
6395
6960
4235
8029
3779
2053
3257
8804
187
1641
5085
9575
5199
4698
8600
7811
1004
9338
6281
8500
2729
7275
1546
8433
2754
7053
7026
1251
6722
9665
6858
3117
6625
1093
7499
6756
9498
7108
5560
9685
8749
646
9260
301
1696
7860
4464
9052
3551
7097
7553
2632
4372
5451
1065
7127
2505
8092
4730
5579
4109
1588
5049
734
2681
8900
3843
2179
6008
9403
1864
1110
6401
7476
1411
8098
1689
2227
7150
5240
9324
4703
7872
3696
155
5289
7175
9012
9733
1905
4591
3842
9845
9640
929
2526
4892
4772
4705
901
4175
2921
2011
6929
6750
9774
5027
8439
2001
2177
3679
1325
3233
7903
1373
9740
3192
4901
8752
9278
6806
9695
3120
3004
5688
4049
5530
580
8821
6588
1481
9349
5861
3492
6278
2611
3266
7657
1050
1619
6186
1081
2944
9419
5336
4318
9159
4881
9219
4263
4159
2377
3959
3631
5381
9647
7681
7264
227
2854
3852
1709
8555
6065
1553
1185
5029
1172
8842
6079
2791
5029
3513
5736
800
5201
6406
9960
6434
5625
4223
593
8002
8182
4225
9736
7829
8258
7000
4409
7464
7204
6118
2372
9621
4023
3557
4650
5195
8752
7082
4339
133
595
75
933
2148
6481
7245
8583
8458
1469
5528
2812
6003
6105
2548
185
4363
5900
4594
8180
3104
7064
6904
2726
7439
6813
3728
2635
5565
810
6974
2050
1405
3401
2984
9906
6234
229
8489
4692
8050
4017
7504
406
123
6405
6943
838
2305
7889
5370
1762
4953
2274
840
2392
5440
4568
1379
1005
5379
4705
9408
3136
8106
2392
9394
692
8973
7883
5384
3376
8253
9241
3782
8376
1998
725
5566
655
8614
937
2417
9919
9563
9609
8663
5003
530
43
2361
5909
1100
1769
5397
5559
513
4792
6251
9486
9027
7988
9214
7280
7229
9348
2008
5579
73
7575
6234
5039
4864
5004
1310
4427
4613
6326
5783
5143
2721
8144
7404
3821
6265
9154
9380
6778
298
5632
2616
9325
3620
1831
2958
7201
1179
4966
2780
7605
2541
5366
8996
3757
370
6659
8185
4984
2985
3968
6479
5706
8464
236
9527
4729
9390
5260
7859
9688
892
475
5365
864
8658
8323
8065
6190
3290
7197
147
2183
8915
9143
5941
9286
5802
478
622
5139
798
7101
845
9262
7337
6725
3991
6727
1985
1850
2767
2877
8677
8133
93
7336
2808
4510
9878
2450
8059
25
4634
6974
5520
6927
6260
7675
3757
6882
2814
4555
336
3660
3817
7673
6737
4160
753
8722
2362
9872
7951
7391
4357
8044
1079
7166
8906
957
9616
6965
982
602
3939
6503
7529
6552
4178
1286
9786
3344
2193
122
7004
6010
4148
93
6522
1253
8815
5236
1125
3118
2628
5483
7514
3707
9001
6420
4665
8617
9737
1999
5572
3677
8502
3101
6581
9032
740
6367
2377
2933
2842
5733
5296
6990
5827
8170
8243
994
3407
5720
465
6035
1203
7979
6094
6556
752
759
5174
489
2759
746
518
7613
199
3451
2998
7291
9819
5375
6577
2661
7460
8225
6003
9639
6395
4246
6986
6154
9966
7451
2189
7522
1782
8284
4078
8886
5395
5604
5728
4506
2702
2598
2120
9254
6050
5118
6545
5869
6845
9474
4882
657
7699
885
297
447
1483
7283
6601
7801
1086
5143
1675
9220
9779
5754
8107
5174
7710
3835
9681
413
6433
8153
6019
2483
9623
8916
4704
2820
8391
5938
3477
6090
3175
126
6537
1010
3761
9491
8812
1199
4634
487
420
4413
2593
8527
5939
304
2362
1972
7069
5147
6477
3088
7631
2452
2004
8687
5272
6747
4626
5102
2838
4153
1580
5727
5164
5342
1570
3976
2893
6204
4463
3313
6969
3409
1840
9261
3713
554
1233
7134
5702
4063
6574
9685
6515
8578
8372
1788
1678
9350
3242
868
3504
4822
6595
8668
6516
8166
2644
5762
722
3459
9075
4044
6868
916
3305
6933
7822
4538
419
3524
4953
6993
9561
1469
1924
7934
9609
3602
7284
2851
4470
7140
4025
7417
5808
6894
1935
4804
2656
2658
4616
8083
6702
7836
5351
6359
1122
3174
7249
1541
3050
2203
8535
2612
3672
459
6898
3281
4061
534
2484
4883
7675
2861
2300
9835
9755
4236
4640
8763
3246
9256
3199
6300
3444
8550
2659
4566
1724
9908
6108
1127
2111
4643
3739
5783
1454
6989
5416
5515
7523
7900
398
5198
7114
9050
5034
6869
3286
6026
1985
6532
1634
5184
9184
5078
86
1843
9645
1811
1752
5753
9290
3863
6748
3029
5999
8202
18
7767
69
3893
2020
6819
9092
9134
5869
478
2355
5508
2856
4340
8392
4490
5876
7577
9568
5963
9420
5565
4126
7524
7670
3416
7740
4418
2797
3739
2620
9167
7858
9041
3060
9878
5860
8504
9012
1730
8982
1368
3590
8190
5708
1982
2680
7937
9559
8601
252
5332
4166
4378
2856
8189
7794
596
2607
6943
687
1580
6110
8546
621
9170
8424
6482
7675
7437
4564
3009
8805
8154
1200
865
6488
3880
8802
2400
8833
9054
7732
9352
9784
588
7541
3930
7537
148
873
8224
1728
6983
6770
2350
6154
5195
5184
3829
2632
6100
6838
7789
606
8038
8654
7094
8271
3809
9494
7104
9215
7226
6456
9000
4167
3997
2930
1704
498
3804
9928
2226
7139
3051
928
3293
8246
2464
3474
7230
8564
6665
1371
9170
1055
25
6265
9326
3834
2111
2783
9402
5690
5591
8402
9857
9589
7684
7913
6439
7840
4193
8665
4980
7244
5946
4625
1842
8410
4452
5424
6975
1117
6795
2497
8524
6821
8762
4203
7007
7226
6986
6409
2916
2577
1163
9125
8518
8848
3390
4957
6688
7583
9975
8020
1180
2273
2646
3022
683
3450
8447
4010
4567
1594
6508
9443
4767
1622
3646
1775
5200
6984
4536
8116
5914
5700
3593
4432
900
6983
5742
3940
4567
2069
1961
5747
4342
959
5121
1377
4409
9920
1740
5328
1515
4600
4771
6282
2574
4770
4409
7775
1754
5298
5891
7668
7350
9485
8453
8250
2820
547
2190
7387
2616
503
9486
3310
1462
4608
4687
2223
880
2779
7551
8747
7379
8675
5030
9954
9797
5791
7729
1551
7441
9972
5572
4791
5809
4025
9393
8630
4572
7936
2369
3540
8439
1856
6850
6254
2816
7889
8477
3696
669
2381
2444
4400
7408
3826
4354
7205
5969
8435
5108
3411
4760
680
8202
569
4705
7596
9199
5629
5532
1569
9169
323
9777
2371
6577
2593
261
1407
2641
7282
140
5085
1682
7548
5263
2389
1105
1233
7176
6213
4644
1936
6894
2846
2506
7951
6794
8057
3581
2326
5978
9102
2650
2107
1474
5579
4700
1735
6986
7342
5369
7126
8779
7051
1026
4043
5792
2131
5276
2969
4697
6272
1257
7943
9118
115
5894
5913
4525
5827
4591
503
4930
7241
8963
6404
2821
15
4491
6159
7357
9860
3286
2489
3263
664
2884
9056
2796
8160
8377
3845
784
9634
1788
9902
9750
7682
2167
4275
9862
6759
1130
4792
352
6445
7548
9525
6461
2039
2037
170
8251
5323
2659
1514
2339
5543
6922
1487
55
5299
5332
839
1286
7120
7094
7388
1155
9261
8015
1017
2372
5497
2161
9077
1943
9709
8602
8404
8100
639
8574
6351
2314
7586
7865
4654
9481
1140
2493
5889
6439
7826
6728
4077
1298
174
7817
8805
5788
5832
9822
8160
1330
8335
7237
9625
8044
2192
4381
6144
9183
9307
8847
1498
3245
6713
2504
2727
7853
4997
8616
644
9175
1696
1074
6826
1871
8891
5631
7659
1076
1806
2171
2406
141
5761
8383
4538
7953
9116
7034
7136
8423
5882
4986
1669
8947
3842
4396
6800
5192
9364
3796
4367
1060
4870
7545
9283
114
3177
3294
1190
4983
5466
9948
1476
1227
8331
2366
5532
7447
9401
2668
2222
5283
4007
3891
4230
7849
4639
7382
3041
355
1178
3761
7768
2401
1306
7051
8867
835
6698
57
2170
8516
6357
3647
9743
4688
6013
1627
8487
1766
647
7061
7049
4654
7305
7631
8856
8296
5013
8249
8652
2544
2010
2772
1297
9669
9823
164
6856
2873
6573
9027
1389
2930
9026
7484
3970
1391
9111
8809
3158
9759
5870
6559
765
9527
4191
9621
7824
5556
7871
2828
4452
6233
5600
5749
5902
1775
2265
2759
4649
5190
8138
2390
8120
7164
9875
8442
8555
8986
7251
8065
5097
9474
4625
5863
5353
5168
5484
9529
7076
9707
2357
1529
5941
4309
3630
8195
6085
2248
954
7086
7438
5444
9476
1911
2608
9351
353
7516
4690
3957
5581
9787
9783
6558
5650
1488
8078
7487
1018
5155
7194
3375
6684
3135
4037
314
1331
122
2562
8637
3560
6353
434
3036
8264
3042
8740
4969
6910
3430
5278
8844
9569
1413
1754
1572
2902
9833
9059
272
4988
2605
9999
1672
2093
4036
8338
9776
510
7253
8413
4070
3606
5199
7107
8222
4594
5847
9543
1504
5629
1174
6700
5198
2587
8455
6770
1841
4640
2181
8465
9628
1139
8465
7652
3232
2501
2342
3008
3012
9595
7773
3434
9553
2973
541
4127
7567
2740
3671
5423
4721
1197
2124
6272
3784
6931
3042
1978
1571
1576
443
1199
2715
5260
5203
5947
7762
7545
5307
7126
7141
3080
560
3046
2405
7454
7174
9972
6546
7197
5396
1268
8394
3872
7540
8530
803
6934
6860
2374
4862
7304
9925
7577
2564
5128
9876
6678
2673
1535
156
6166
4616
7069
9213
7021
4523
2739
3346
7421
9936
8742
8689
8330
8966
2581
3212
9769
5868
73
8495
730
3729
4772
4660
2645
6252
888
9324
5277
2424
5832
1444
7040
2901
7009
413
3776
9748
3759
1198
6036
8853
6239
4366
7819
5173
3930
3940
1041
4003
8787
1771
7732
3559
2783
378
9811
3672
6054
5089
6096
1886
6533
3136
1140
9894
9901
4916
5994
3661
2466
2030
8866
5058
2748
3038
231
6678
6978
1272
682
5766
9395
4766
9325
2179
5144
5489
5851
1198
578
1947
9437
3463
1435
6929
3357
7688
1845
5703
7701
664
7733
6568
5722
481
9606
5953
7159
6584
3577
4193
8702
2972
8960
4380
5151
456
9869
7354
1655
447
5653
7444
3910
3440
4373
3619
1129
2570
9322
8830
3234
3407
1750
5308
3888
1356
1261
7399
4293
4838
7945
2995
4163
6905
7375
9314
3713
7244
3021
1720
4043
8674
9164
4305
8467
9889
4276
9596
2460
3598
4778
2046
3357
6529
7355
7245
7885
4968
997
8530
9807
8942
1526
3970
2199
5253
9636
5912
8850
9009
7633
9245
4036
3149
3551
2503
3039
7827
8451
1851
7778
3229
3897
1135
9758
7604
4733
3996
2573
2082
2526
8732
1024
404
9054
9575
5658
5042
1839
860
4052
9472
105
8088
8974
3656
6943
2013
7836
5394
216
1966
8623
465
9453
4734
8070
4186
8730
643
6268
7608
5727
3644
8013
4781
3219
23
9823
1411
883
227
7235
988
4667
6209
997
1610
4574
5185
7004
4790
7151
1980
5256
6604
3066
3326
7143
8148
321
9763
5756
2400
3408
3769
3533
2979
3792
3356
4390
4675
9936
1626
2016
4603
4187
9365
6214
8762
4550
9570
3552
8053
7902
5160
1009
968
4838
4504
9116
1511
4268
1225
3911
7676
4994
7444
7007
8787
7153
1398
9814
3441
9376
8182
8044
3563
7547
610
2325
8449
6533
2230
6502
787
3742
3864
8108
8581
8368
7224
92
2636
4801
356
6664
9796
4152
3672
4935
7657
1422
4749
1098
798
2932
9143
4361
6831
6105
3039
5281
2638
1621
8135
3426
5363
8351
1534
3944
6720
5110
389
5708
9912
7097
2373
6060
1249
2397
995
8907
3819
5744
5
4617
5028
5500
5330
1860
1606
4721
3493
4244
6342
1628
4022
1706
9980
1908
2002
3052
7019
2391
8760
3283
9488
7485
9343
7090
9882
338
5997
53
2434
2354
1022
3815
7855
2705
5675
9461
7426
5520
57
3769
3500
4080
5475
3480
2340
7477
2884
9359
6221
7997
8994
2061
5482
8337
9151
1717
5027
5148
1770
7462
7503
9145
1277
5358
1850
3304
1171
9276
8824
1228
9397
2324
1660
4872
2157
4001
8702
5041
9712
1275
9390
8707
3336
4873
3396
2488
2942
8424
3988
1064
5886
1491
209
3515
3201
2059
6819
724
1336
1995
1953
7085
4319
9965
1958
2828
318
7012
4222
6383
4639
3612
5090
7975
4837
8486
6815
7779
3262
804
8844
9148
8647
9053
9015
8201
7465
5834
8925
5153
7829
7230
2238
8501
7196
548
7681
3866
3912
1903
249
8551
1868
1691
2879
6705
178
6046
4485
9792
3202
9681
5293
1850
5086
4308
6403
2551
143
5328
4056
4324
2559
6295
9177
6107
6843
6859
9973
7108
5114
223
5659
6982
1914
4890
3688
8444
7289
4525
8237
491
558
3530
8693
5644
4190
5096
4548
4333
425
8604
5010
9336
4899
4187
5443
8095
7398
5416
1555
2513
1991
3566
9495
258
8457
9535
5054
5746
412
9643
2589
970
9525
1283
6615
3716
6379
1163
8049
6804
6119
9411
6140
7371
9951
7935
1818
7349
3352
3373
6214
1695
6939
2062
1953
5396
1597
7008
7494
2010
3003
84
2980
2529
1367
5947
6245
7746
3462
646
903
9582
58
3395
6953
9
1331
8771
3710
1035
2144
9925
2730
9083
1987
1036
832
9936
4396
4678
8298
7399
4762
7631
9928
2481
3578
2525
6580
7041
3172
3835
2975
3230
