3197
5303
7654
3728
5657
7264
5599
9254
2948
5739
6299
4719
9241
2516
7188
3706
5638
3385
9007
8543
1416
2189
1275
8842
8920
4244
2741
8883
6658
6197
5920
6207
7852
9926
9935
3510
3542
5534
9116
6490
7625
5415
7561
3219
4283
1101
6925
9921
4486
5933
4817
2254
4474
6092
1096
3395
336
189
8630
3346
6386
902
9553
4239
828
9488
4101
723
1375
3217
7213
5352
4984
1127
8571
5619
2228
1849
5541
3067
4134
6710
5321
8608
2802
6418
8355
3138
2959
6986
6485
5698
7888
2390
6289
5069
1879
390
5792
9606
9959
9357
4958
4943
6836
9882
562
9065
1731
2455
8484
5865
9165
3805
825
8319
6575
9181
1458
9535
2519
4295
5233
6759
6685
7874
1828
4916
8264
3972
4522
8223
9682
5833
9518
6518
2067
6432
1935
3798
5240
419
6015
4405
4225
3192
2725
7152
2373
535
3039
4892
1182
4624
1652
7867
2498
9832
9136
7114
157
10
1689
9839
5843
1207
6357
7910
3992
8293
8060
9232
8712
427
9989
9289
3620
9066
2794
5993
5953
5833
7238
7135
6810
5242
1355
5660
5074
491
2775
5231
501
4464
1422
6345
2024
7780
607
6016
2425
5020
1600
1137
5447
1589
6779
9067
7008
5925
1413
2961
1758
5003
97
4920
245
1452
581
1671
8295
3356
3255
8796
4172
4677
1493
6196
8809
8453
8564
1234
3473
6516
8724
5272
8106
1855
4340
1466
7780
2105
4427
5890
3460
876
811
3705
8680
1392
1728
3327
1100
1335
2124
5272
2365
3617
7821
1174
2070
6385
8761
1895
2902
7485
7168
7360
9340
7860
5178
7120
9965
5957
3010
3425
3186
173
3482
1866
7917
1562
5194
9017
2898
3670
4290
5263
3639
8463
6437
5710
4848
5198
3957
4102
9035
1125
7814
4727
8985
2992
1847
5302
8950
1210
8727
2136
7735
8561
354
5653
124
1900
4670
3022
1922
5312
4637
5562
3775
1074
7624
4976
2625
1581
9078
8012
2707
3245
2740
1692
6237
939
3347
1539
2149
8426
27
6237
6988
6734
1890
3464
4986
6560
2838
6909
1873
7475
8823
2000
4901
6447
6976
7526
8028
2407
1891
7087
5652
4631
5132
8241
5570
8479
6133
4072
6905
2512
309
3893
9246
2199
3709
585
5111
6547
3846
3336
4022
2669
5337
8924
9116
2313
2802
7144
1072
4693
4232
6724
5676
9364
1318
1247
4195
7451
5319
1100
9963
1980
1346
5562
531
5055
6147
5642
1603
6345
8979
5625
9014
4316
901
8130
2981
3704
1626
406
4749
2210
7130
426
7926
4800
8025
2121
8603
9696
3222
4919
1676
920
481
2207
5975
2980
4201
3930
9325
3180
9556
8339
3848
6809
2821
3182
6865
4447
3588
1615
3010
7070
8393
936
1871
6418
9410
474
6114
8984
5393
4142
9904
2226
2701
2231
5206
6902
6162
883
83
2070
5574
283
8879
8395
3465
5745
9195
7053
3712
8557
4124
8457
9493
5995
4875
5255
2821
7341
4239
8215
1483
495
6793
536
2727
8352
7438
8889
9235
3873
959
1162
4157
6190
5909
7622
8287
1456
4676
1999
13
5152
456
5859
7499
1683
1114
320
9024
1706
4887
6859
2201
1681
3747
4928
33
1186
169
5620
5059
7480
6782
9216
3671
2692
6839
1958
4148
7867
310
514
9371
7118
6373
6870
8802
3839
7190
4178
5545
2078
7390
7747
111
1137
9027
144
8675
9197
2116
3735
6677
8899
9303
348
7943
2494
8659
8443
6713
5321
8957
6084
2439
1682
2954
7593
5522
145
8124
1067
8575
1866
5166
5038
9355
4194
5182
8031
3391
3650
8118
6420
2549
7421
3121
6844
6268
1780
5288
2981
3453
597
9066
5892
8632
2020
9838
506
8517
4314
7925
3444
6180
3092
8482
1887
3638
16
9918
3381
3667
4388
9801
2568
8162
2922
9413
4430
1054
1053
7411
4507
8002
2829
6752
6634
4850
2942
7140
9719
7256
5066
3164
9788
4510
7998
1675
8148
8015
7946
1529
8034
2334
7682
602
6848
6957
6367
1278
8011
7420
5042
8871
1775
7871
1975
8409
2721
4917
1902
8793
2173
3320
8309
1961
4182
6307
9988
2330
674
7934
211
5060
6621
4245
5663
3469
1202
8382
4748
5566
5803
9790
789
7578
7661
2764
2339
6735
7681
593
1880
6206
265
189
4519
4447
2848
4507
3129
9875
8794
9692
4935
5415
3938
6950
8884
1492
5333
9984
3410
1136
9774
4199
5066
3788
3315
3757
6875
7348
703
8755
9906
968
8944
4425
1768
1792
5285
4897
1667
4079
4590
2955
9494
4880
9905
8378
2724
5238
4715
6135
2726
4489
6686
4144
4629
2
4254
1504
3702
4957
259
3609
2277
5555
8034
4045
3700
3319
5295
1719
7398
6237
4674
3244
1117
4580
7975
193
9818
2690
6328
8897
3531
3015
3041
8161
9369
7295
9665
3071
8604
6277
6680
882
1832
1067
1279
1884
4386
6574
3604
8137
2811
8278
7733
280
2858
5708
474
9029
8398
6802
7926
1930
6169
7319
6443
1890
967
2460
4962
9571
8737
7994
6805
6922
9061
8085
8806
9800
4659
2410
4289
3823
7041
2022
4103
9899
7731
4577
5280
2481
7732
9558
763
3901
6878
7206
2144
4197
9667
7106
3768
4756
1452
574
8030
6866
5011
6837
6666
9670
5599
7307
3493
2640
9329
7597
8892
3412
8526
4172
2246
6258
83
3009
160
6961
6568
8656
1158
2587
2114
1278
3695
3566
8204
1726
432
3215
4915
3450
2886
6866
757
2731
9507
6439
6680
4751
6203
5207
8923
8449
1465
9006
7811
7977
2319
731
6633
9829
9670
8747
1108
3365
8666
9312
5091
9098
2528
6358
8901
1766
3225
6010
849
2732
2449
7530
7483
5005
2737
2758
9806
554
8117
7617
8532
436
4700
1517
6618
4370
265
7726
7736
8931
3390
9179
4381
2270
5538
9634
388
8763
5645
1238
7847
4446
5120
1682
9451
7857
4440
9258
4763
8909
3227
3295
9346
7928
1165
2316
2298
1430
6394
6386
6713
9784
5566
7446
8407
1104
7081
5147
6219
9078
2737
4066
3524
7857
5748
9328
2066
6540
4938
6830
5450
8165
125
1148
2445
7642
3464
4744
5424
9858
7482
2137
5994
3048
5936
753
504
9369
5901
6723
8447
8638
7141
1971
6496
2889
7651
8562
5782
2589
5392
1232
755
1870
8732
3200
9512
2196
4296
4937
8406
8131
3426
4400
1179
5714
5154
8036
5083
1055
4759
3530
6045
1901
1854
2541
1142
9505
7456
3276
2095
9200
860
9202
1070
9592
8754
6935
8140
9403
8224
6546
7534
8002
947
5065
3717
6101
3101
8800
3508
7861
8683
9553
6114
537
8447
3608
42
5903
6885
8489
5103
7745
7691
2526
7338
6446
5813
5478
5849
389
8377
3383
8391
9324
4800
8460
1777
7902
3613
5285
5763
2296
4838
8229
2833
9637
1837
9227
5540
8722
7717
6996
2820
5408
5874
6510
8206
8039
8340
4055
8428
6717
3790
3171
6041
8591
1632
7818
6493
1597
9455
8608
3893
646
6837
3078
283
5026
2305
2176
101
6374
9172
2921
1783
1398
5783
9989
9437
4123
397
7865
7193
539
7388
9586
9130
5372
7405
1975
6969
3212
583
7214
3858
3772
292
4142
5151
8950
6318
5252
5324
1842
4525
3459
3240
308
9801
9029
783
198
3246
7976
737
634
3915
6220
6007
7672
8195
9328
884
5131
6543
4743
5255
3187
5237
406
2137
7907
2010
3814
9749
6535
7273
9341
3195
7074
8370
331
3624
1616
4659
714
8602
8574
6934
961
6246
1481
290
7131
2964
6833
8226
8220
20
3463
4978
8510
1370
3341
2324
7471
6228
5949
6812
5776
3024
1534
6107
3000
9502
7118
3714
8104
5693
7000
9066
1939
8482
9356
5422
7798
2541
3648
2370
8913
3463
3701
7423
1185
7042
6099
8656
3270
2049
1820
5398
1425
9706
1505
4425
9208
4976
4492
7313
669
1492
6379
8960
6326
2087
735
4125
980
735
2847
9893
4199
6548
3669
1736
3590
6120
6745
3213
8169
8565
8611
5946
4624
6469
372
3832
1445
1216
1145
8466
9060
3876
7426
1739
2315
4513
2216
3295
5249
5063
3189
9448
1612
3210
7536
1554
9330
4281
1119
3852
9199
6083
9798
3823
2552
6522
7655
349
7738
5153
5167
6799
9029
2593
4890
7697
7107
7106
992
8708
2169
533
4508
133
3743
2044
1688
9426
6326
2807
3278
1877
8890
3076
2052
7794
9599
9707
4495
3689
1212
9662
6840
6594
8608
1730
4291
2067
8836
5283
775
1006
5817
5283
7491
5912
7327
9179
5338
5
8339
8616
8234
3581
8045
286
1376
7644
6346
5871
1333
7558
1886
8174
4152
494
6256
8443
2561
5093
79
3336
2451
2248
4971
9942
8160
8650
5474
9851
8656
3813
8467
3242
7394
2864
3529
5122
508
9875
994
8194
7433
9232
2720
7938
9726
8976
2733
8639
421
2812
8327
2872
1412
3298
9167
9573
1948
4641
9424
6956
8454
4243
199
2200
7108
80
7323
3968
9955
4669
2162
3740
3901
1234
8030
3627
6563
764
8618
6984
9928
6945
6209
1341
243
5376
7266
8543
6369
6690
1852
4823
933
2051
3375
4393
8483
698
8362
4790
5367
6876
8530
5620
8111
2913
9247
4674
3677
4217
8010
9957
1162
4219
1298
7757
9595
4916
6301
5964
1606
8153
7139
8892
6556
515
3285
5039
7565
7999
9829
2933
4876
4711
4905
9339
7624
505
4013
7653
4722
2023
7611
5885
6243
5261
3642
2190
178
6295
4507
8136
4448
7998
7028
7356
4865
6666
2395
2431
1017
8576
1716
5893
9640
6621
5232
7264
7126
5597
4918
1849
3973
8881
4086
6568
4142
7728
5110
672
4024
9617
8809
4824
3968
2189
2181
8833
5207
928
1264
6225
9505
9332
8470
9145
5954
3703
2761
9432
5652
4031
1281
9625
2912
1719
2545
3407
9448
7656
4079
9824
7273
2888
4648
7593
5078
3181
6427
285
4110
4043
2862
9967
3376
1333
9112
5682
1388
8225
5114
7040
2257
2748
3018
5169
4467
5563
8576
267
3219
9008
91
6845
1896
1092
4438
3326
4273
865
9964
8383
1261
2826
8350
4637
511
3814
319
1899
8392
5433
8940
649
4533
8310
2170
9001
3873
7099
9268
3445
6107
9360
6642
4355
6804
1080
4034
1077
8298
3998
5813
9559
3176
515
548
3688
682
867
1939
9074
2652
879
9723
7186
5541
1893
2539
5767
8992
1807
9212
1451
7519
2206
5807
4323
3286
9841
1753
7936
191
7566
3847
9719
4433
4395
9759
5115
1614
1699
4189
4267
8930
3912
7805
4472
2158
344
239
7502
8503
5803
8954
6023
8009
1113
6698
7647
7306
4803
1936
3849
2369
2135
3568
3155
6531
9680
8270
4497
1379
2460
8764
309
2724
2921
1133
1234
9617
7724
8737
8121
9879
4043
496
4240
1508
7194
8240
8814
1998
176
2663
719
8663
2583
3874
5194
2263
2145
9692
3642
957
4808
304
33
4082
7789
1268
3699
5514
6357
1820
1745
6752
2316
5986
8260
5863
578
7074
4213
7106
6089
4932
5769
8672
5159
964
936
3656
7008
930
4613
8168
7586
998
2250
5376
2266
2302
7242
4975
4122
8987
1727
2791
1325
6339
5006
1903
3413
9219
9009
5854
4151
4779
4527
9310
2095
1815
2966
5455
2745
3931
3623
6684
1282
2226
2060
9900
4528
5654
4876
5002
993
2955
4145
2319
9295
9151
574
9060
8370
9584
4915
8874
715
9442
8184
2810
7609
7503
8265
6706
7786
8240
3390
9068
466
1802
8969
1346
7456
197
2701
8450
3152
6846
769
8799
5998
7695
7860
720
7279
2775
9594
4346
8569
4131
3508
6178
7986
1773
2884
5772
6366
6275
1193
3184
8077
6514
883
1886
6711
3584
336
6215
430
7457
1367
2780
5152
9227
9853
8784
8354
9447
3130
6923
3578
6639
3101
1564
4764
2337
3689
1130
4964
1234
667
3042
7748
1550
4928
811
5134
1616
3378
1916
9073
4745
1049
577
3972
902
9361
8678
349
2492
5601
280
9131
5054
8196
247
7392
1885
7730
8708
3119
8397
1750
7219
9947
3030
8030
1433
998
1409
9701
6423
2506
750
7001
2831
1652
6362
1509
8354
5206
7111
8634
689
8517
6830
937
2261
5068
8667
970
4539
7064
9072
1759
3363
8455
6141
4796
9453
7550
849
5877
6409
1600
9230
9240
3252
1944
749
7958
7151
4212
6592
7840
2730
9775
8777
4991
4843
7444
2313
9382
860
1386
1141
4223
9841
7283
5371
5646
1185
6221
7875
3946
4173
7105
3186
7425
9050
3936
1736
6201
4500
8328
393
7230
8103
9171
8574
9298
2967
887
5033
180
2273
6174
755
8466
9809
6127
4113
7347
8700
1988
7645
2873
5446
832
6650
848
1120
8386
3401
5620
3067
3794
9203
7522
9317
7777
6821
8637
8664
1854
8817
7290
4380
9572
5756
542
2051
9869
4241
7103
8210
1886
6328
8
9070
2979
7208
190
7717
609
2163
7136
755
1366
4659
73
5495
7832
5062
4159
6038
3879
1449
6770
9803
3558
7312
8207
9779
7905
5310
4341
6144
1639
4349
5214
970
1557
1757
5039
8518
3920
2176
9274
1638
6835
9347
7133
1019
761
7644
7057
992
5446
3827
795
9004
7492
9002
8783
1749
665
3125
7893
2304
7474
3108
9626
5384
1217
4665
3902
1489
6841
3176
3127
28
8875
6612
1047
9636
4256
4456
628
9702
8284
7776
8706
2128
3130
7490
3877
3795
6967
1771
2451
793
1231
2077
6177
8800
3095
80
289
6288
9608
3416
2669
4836
6380
68
4472
636
4525
1453
6691
9161
5581
5397
1289
8711
9239
5166
2507
6206
3289
1310
7000
4520
9740
9529
9672
2835
5961
9961
9123
5570
9729
8144
406
6109
8213
1230
3098
2738
9035
9789
1899
4616
1538
9540
3328
778
4706
2187
3336
4348
9849
6688
5220
9589
2570
4893
2424
8531
4854
7900
453
4584
6044
7211
7045
609
4794
143
3347
3829
9932
1598
4798
1471
1138
4478
8601
2197
6665
8289
6545
6514
1330
1765
2456
3900
6658
1232
8783
7865
9132
5589
2449
1529
2800
5846
2138
7594
5990
1838
7776
2274
3436
2574
97
4575
7052
8698
6772
69
3340
9669
2935
1022
1434
5391
1274
4445
6624
57
2310
2108
5646
1111
9989
4799
6957
8480
8745
9299
318
6521
1574
106
5447
1671
1033
8851
6722
4157
5272
62
3826
8208
7436
1613
9951
8710
2410
2927
5119
4720
1388
7118
2183
1377
1917
5492
6209
662
4792
2879
3536
6366
2986
8983
8037
371
7835
4759
4529
3107
1173
4707
7667
8609
6320
3971
3671
8730
6898
8791
9802
8286
5909
1985
6016
7826
3830
8577
4840
8622
1457
8376
4988
795
7360
9377
1166
1547
489
2047
1006
1662
6755
5026
6624
9427
8997
295
8158
2247
9086
4312
6886
1347
2650
2902
9173
6480
7831
4014
5102
9288
8742
6442
6435
2454
2171
3954
4001
2660
6001
1360
675
9108
2738
7299
8536
1735
3946
3046
3982
9385
7358
7220
732
6360
122
6258
2840
7954
272
4294
3594
5366
736
6382
7821
9260
336
1822
1920
2689
9534
8947
1798
2272
2598
6686
359
6545
6084
694
2282
9794
7914
3014
6155
4389
9272
8995
8695
5896
3290
2289
1263
378
8671
9084
5990
5359
7258
7911
8049
3145
6858
9847
5417
5809
2885
2129
2354
8969
2823
988
8763
7089
4002
4918
1478
9627
266
173
1875
9908
8815
3138
6638
3838
8574
2629
9198
2185
6892
7247
5330
102
3446
7099
5911
2683
5580
4617
1652
8403
5605
6767
1845
9608
8038
3323
5587
8304
9849
7462
4564
5016
6953
1202
8854
1879
183
4404
4064
7075
8003
5746
7178
7801
9198
3089
484
4778
7707
8488
9534
9664
1608
1379
5624
9646
1054
1211
4302
903
8674
8866
5919
1979
6420
1126
3858
6604
1882
4275
3679
9886
21
7209
7687
9219
299
4524
3998
4358
9364
9884
374
972
1263
5999
618
2317
7210
4920
9573
2236
138
1844
4215
6559
2970
8074
3163
1205
8701
3194
1091
8722
404
5130
4294
7055
9654
4644
1413
9019
4528
8139
6343
5791
4138
3314
4460
1349
8234
4033
3585
4725
5878
4153
1284
5200
8579
799
6405
7280
3993
3848
6002
4397
8979
6648
1452
4985
1292
9217
356
5820
7357
6700
7963
1495
14
2424
9196
4600
6457
2782
9325
8687
3287
6961
240
1866
7760
2997
9146
8106
6846
1500
8855
5825
8149
308
810
9441
5877
1167
1614
9586
4219
9577
1082
4233
2001
6630
5185
4811
5764
863
9850
9051
7824
90
917
1937
3088
63
43
9934
7916
8898
2111
6065
5558
9273
1858
1436
6792
3472
7374
1011
9402
4808
1596
1403
1439
6782
2566
7203
7645
2417
6255
1821
2507
3524
3758
1947
3588
153
8233
7856
5404
6696
3921
962
5970
2131
8750
2762
1956
6125
126
1358
7285
8074
9113
8724
1208
1680
5928
8853
4097
8535
7027
2956
2059
7137
1256
1999
7291
9489
9855
2695
6186
128
9
8508
8612
5112
7622
568
7589
7748
1926
4874
2175
1039
3599
3383
2719
5879
8589
3168
4414
5616
2477
2825
2753
3733
1177
6396
9574
1032
9091
2112
7513
5453
620
6125
565
8243
6693
4506
2343
4971
9380
4518
6010
9331
7902
5082
5210
6491
4602
5976
8459
7079
5154
1212
7164
6331
7609
3091
3715
3052
5203
1228
4857
5824
7353
1774
419
398
6280
9114
5369
2013
3633
7732
1344
7887
9166
2907
730
3768
5235
9189
7200
389
6753
716
3072
714
3807
6788
119
9011
8016
4976
1187
1722
6751
1606
8472
9383
720
194
1396
705
7926
2741
8592
7092
5648
5674
7212
7235
1215
4412
7625
4321
5129
697
5035
8936
3837
1506
4299
1854
6483
5486
9928
9586
3444
8400
8969
4165
8594
366
1222
2872
9459
6167
6316
5107
1841
3529
2342
9409
7941
6319
3730
9422
3369
5117
4711
7206
6624
9010
5412
9459
4497
1692
9045
7941
6445
4366
8458
1391
1084
9681
4264
543
2200
580
2002
4041
4109
697
9802
8403
7016
3532
4177
6737
5002
8888
296
1626
7899
5708
7437
2396
7401
6482
6689
3846
7200
1500
5237
8285
1181
5853
8828
3381
6434
831
3774
6895
1528
9929
1650
4896
3461
5828
1634
4815
4716
1930
6441
8967
3990
3878
7715
7743
6712
4405
7941
3913
5905
3179
8550
3438
5384
7378
3171
8170
4561
3297
5066
6089
3226
3068
7338
3040
8896
8972
7855
9965
7254
649
8932
7596
879
3000
5340
7592
7405
3281
7857
9662
2812
2759
3100
8197
137
2623
6367
1051
5920
7785
7140
5499
854
4478
8539
6102
9802
2746
2419
3408
3395
7704
1005
4275
704
2697
8219
4461
5978
2428
4123
8791
5187
3575
3340
1676
6198
9707
2727
8470
3845
6220
3969
1051
7050
8860
3505
3205
1607
5925
6613
1354
9981
3970
1981
7037
6667
6552
1498
8998
5332
1973
7789
519
5548
1129
8548
8098
7188
7627
6568
1033
199
6890
2084
7250
2102
1942
455
3709
7867
3420
1416
4200
3743
3397
1237
6762
9950
9087
5760
5282
1060
9901
2154
2960
7382
7054
1058
4571
1033
3978
1956
1233
7220
393
8483
9323
2335
5290
3032
6554
5062
800
754
8805
4198
8343
1920
500
7430
7680
2134
8490
7582
640
1450
1316
7694
8860
5887
8728
2838
4196
9961
59
4589
4796
9382
6924
86
8766
9830
1500
9567
584
6658
117
8927
8578
617
2709
6258
9103
1199
192
9744
9001
1509
7438
7861
3748
2518
7051
7944
2479
3462
8885
3627
9196
5809
65
7963
1991
1566
3882
2575
8224
351
7854
6802
7320
563
9412
6423
8114
9605
6167
3467
7466
9958
1328
1214
2476
4732
5511
1308
8194
4396
1287
7391
6558
1353
1706
8549
2919
1940
1125
1143
2291
5331
4297
5963
2247
3709
2386
6713
9666
4906
181
7132
1216
7861
4699
3692
2593
210
1352
7140
4606
2640
4531
7516
345
2589
6066
3264
4529
3543
759
3172
8874
5056
9135
7473
8765
7873
4187
4784
2779
720
1916
3995
8581
2967
4040
7527
3177
1744
4667
4136
736
5550
1652
1081
8139
4070
4345
2668
7613
1456
2192
2840
6512
1327
313
1630
9200
852
6414
8332
1572
4682
8679
6506
7650
9071
4033
7179
816
5052
7667
7904
602
5672
8986
8741
9742
9683
7761
3708
1140
9953
6548
4004
7632
3213
5634
3184
4066
8400
7868
1990
3083
6548
8496
7085
1971
8881
616
9139
3933
8284
7044
887
308
6030
9628
6402
2065
3741
110
3205
46
3010
7210
7678
6224
9196
863
6642
7597
5083
8632
7032
1631
3481
4117
9955
8714
1085
9094
9000
5721
6138
9887
6029
8520
5868
2432
586
9609
8894
143
6008
1905
3705
3686
8129
2902
901
1123
6851
5985
9755
3883
3968
9588
4352
3923
8303
5437
3018
7303
1159
5508
3542
7188
4029
9410
5972
967
5372
1219
7462
1380
3124
1168
1418
7605
422
2320
8728
7273
4657
4835
7508
8625
4424
1860
8901
9079
7297
8271
2734
4808
3779
6276
1997
4160
2039
4321
1479
7411
1892
8942
5143
5016
110
6561
8973
6884
5233
4053
4157
9890
5241
8017
4868
6017
9877
121
5096
3526
8392
7830
8335
8523
458
6684
2684
2497
1005
4163
9908
2898
3105
1403
4266
9567
4317
9592
2803
9550
9997
3312
5793
5238
1329
7013
1255
1206
7134
2703
4733
5526
6885
3068
4049
7344
6104
3085
9841
7109
7249
6102
6359
6706
7505
6978
2626
1822
2922
5429
7725
2919
8742
3518
4510
71
531
5765
7630
7665
4821
8715
9543
1706
8135
9944
9050
4239
3030
8892
7700
6631
4994
412
3337
8851
7390
2315
7026
6664
7745
4751
9583
2839
8269
445
9262
5152
2563
3244
9169
7384
1959
5064
9090
94
5008
4493
4333
4390
3385
2034
1021
4731
2446
711
9934
6188
3026
6960
2852
7123
1711
8787
6314
6332
9233
1929
7836
8148
5173
7005
5532
7133
2069
974
7227
3430
5467
7913
7820
5204
6299
8842
6287
8745
5905
2574
1285
5283
9534
489
8759
7598
5628
5073
282
1213
7002
8119
9361
2176
1476
1245
5661
3546
2220
2888
6976
7687
7153
1148
9244
3452
9990
1883
8549
2247
4457
9834
7531
3992
6675
6290
7942
2304
7715
8224
9869
1070
2695
9231
3246
4172
476
8907
4070
9048
8147
1046
6736
5301
2194
2332
8753
8537
4215
7303
7136
8673
3489
4667
9017
165
7309
3311
8821
5025
7887
8690
6095
583
7921
5693
1107
4750
952
5177
3798
5451
2575
6886
752
1121
5570
5858
9658
9786
9513
3147
4811
3002
7814
3828
9519
1476
7139
8340
6501
1378
3383
8948
1961
7656
993
3068
2406
1945
8245
2557
7396
7172
9443
4501
8294
1366
359
7952
1152
6224
1099
2315
9226
5266
6143
5098
6742
9634
3438
9595
1012
6821
4895
9326
4478
5888
8746
3236
4185
6992
5793
7933
516
1589
2434
8810
2955
9145
3115
459
5369
4214
2774
948
5832
5269
6046
8926
1255
5836
8521
8619
9010
9768
4297
9840
5656
3044
3076
9841
6388
5222
4127
6904
3163
6561
5715
2470
2059
8830
2929
3780
9396
2055
1080
5229
3676
7126
507
1283
9315
5381
9902
8325
5149
4200
4517
806
3596
7593
6999
9984
9167
1126
6888
2330
4040
2603
4800
6099
1433
4081
6231
7182
2488
7312
2411
6164
790
9270
3799
6457
4651
54
1134
9801
606
5651
6959
4202
3245
3958
4186
8764
1437
7426
1095
5477
6382
2247
7928
7815
6329
511
1349
5169
7823
112
7686
4966
9383
1485
1423
4034
1539
2558
3835
2145
8209
794
2699
7806
1105
3237
6571
2542
664
4018
4371
7046
6265
8651
1213
2594
9162
2563
7764
3338
2675
5450
4656
2058
3287
2431
2445
4827
4989
2632
3324
9551
9779
2376
3709
884
5613
6632
9778
6277
650
501
3323
6916
5504
889
5862
4666
3452
9978
4356
2479
1780
9012
890
1420
1444
3335
2599
2785
5967
5923
8688
2098
4651
2398
2982
265
5382
9112
6542
6033
5965
6218
9301
1469
3459
1515
2488
3263
7846
6844
5742
9626
2209
6632
1046
5
6319
9997
9142
8639
5921
7831
737
572
6581
72
7189
1963
5536
3732
4348
1502
6302
1
9323
9761
1517
1811
3024
9363
5008
5118
5341
7217
8103
2740
3574
4422
2737
2716
9413
5010
6899
6503
1935
9832
6575
9124
8148
8463
9208
2496
9965
1862
2498
9289
7975
367
7452
7351
9730
2460
2470
1423
6029
573
4163
9603
1347
3253
8672
761
8263
1923
7264
198
1756
191
5675
9904
8654
4883
8752
4972
6746
7602
613
4721
7969
8065
2073
4051
526
895
5475
2907
1468
5990
2511
9167
9243
7535
6280
3859
9458
3544
4057
7566
87
6084
3822
5094
968
2575
66
4066
177
7031
5139
4499
5096
7212
8550
1974
8107
377
4882
5927
6368
3745
1447
1963
7632
7727
5822
3442
7624
6232
1009
7711
2316
4831
2805
9636
3758
9223
3702
288
6254
5194
4787
1351
2406
9689
9677
6866
6419
911
9145
9139
4656
592
1102
2288
8320
3277
2083
5944
5861
3092
7
4529
4275
9165
4166
4386
8388
4220
4674
4643
5766
5813
2346
8173
5502
2023
1391
8273
2935
6888
7412
3943
7481
4867
2584
2153
8144
4667
4449
4005
4111
808
4886
8386
9973
5404
2772
8362
5977
3798
9357
1743
9611
8055
6268
1466
78
7659
9739
9365
900
7152
9661
4733
2019
2245
6886
6515
3264
7687
6872
7375
4847
1758
2113
4821
3515
1238
9535
9492
1388
8892
1235
1000
6947
7504
8818
3377
1515
4909
9095
2415
8413
5108
7148
6784
3705
386
3299
6969
4425
6523
696
9273
4634
9161
446
8149
399
9981
7641
1788
5225
5228
9140
8524
2732
7958
1901
600
9219
7348
9367
7633
2456
6516
4417
2513
3254
7717
9482
4032
592
6530
3305
5226
5692
3751
3375
6091
84
1016
4231
5309
2597
3371
3833
1681
7681
2086
2281
3253
5787
1649
886
4595
4517
5303
7109
4123
9372
2943
8155
9965
9474
7812
5191
5166
7915
8567
1257
7999
5935
1841
9660
8532
1564
3493
6566
5598
1932
8847
8851
7719
6848
9737
8666
7717
5040
5775
1841
765
8719
6348
730
8193
4161
2273
3359
8428
7192
968
6428
9480
9161
6088
4364
726
5934
930
6324
4218
9778
5175
8289
2978
1264
6955
696
2656
2731
8889
3421
7802
1589
503
2347
2102
2777
2058
531
6321
9378
3311
5801
8540
5751
166
9266
1685
7448
1942
5903
3578
7117
544
6557
4733
7500
3605
7389
6583
8846
811
4385
435
7666
3084
2538
443
5142
9421
3117
872
2732
8918
9412
8483
5436
8678
6521
9237
620
8776
2815
4089
9321
9372
8822
6821
9329
2564
3404
8175
9727
4141
8611
7393
3577
7501
4189
5071
6922
7306
5943
9654
2576
5356
4489
4365
386
1010
3602
7359
9787
6417
7800
5460
2142
2975
2281
7823
5539
2037
5999
5266
2530
962
2659
2459
4815
6848
7530
1737
506
3473
7743
3083
5181
2232
7448
5568
9595
1050
2927
5734
3819
727
1194
5961
54
9827
3785
5593
8216
6136
859
7098
3450
9871
9557
8265
3071
7087
2
3578
6912
4097
6661
2094
2681
461
7662
8628
1511
6941
4362
1682
4020
1908
7644
4075
1735
7781
9668
9951
269
6880
3401
3719
3103
2958
1984
6174
6397
8338
9752
3310
8787
2765
5404
1468
3226
9418
97
4737
6359
811
6420
379
2720
416
4454
807
4549
475
7111
4818
7355
512
4889
6810
3471
6873
2984
6220
1563
2737
9530
350
5502
1286
8170
5081
704
4619
9818
7063
5431
2590
3795
4503
9358
4601
5310
259
5076
2421
5077
8783
9286
6318
5593
2757
9543
8578
8977
1106
7667
4860
7808
9521
6146
5979
4602
6851
6950
773
266
2381
9715
4061
3236
9074
8663
8547
5685
3739
7320
7115
8875
6606
3433
4468
5715
2977
9398
1045
4083
7065
5905
1892
2939
8403
4223
7541
5254
1173
4666
1873
9907
4382
5934
3143
9808
949
8042
5493
1041
5363
2608
9916
8321
2394
736
4037
5371
135
1434
5806
3552
3691
4050
6491
2094
8273
385
3701
5799
5051
5574
5706
5785
7860
5201
1945
8810
9596
3791
9851
4959
2751
6119
9632
5145
6855
21
516
3342
1455
6323
6895
1498
6725
9738
3593
4999
123
3646
7150
1527
5572
9208
7312
3432
4409
5610
8594
4005
9401
4797
5316
2152
916
1301
3650
4124
1322
4166
7466
9130
6841
713
628
3567
452
573
4918
575
571
2068
2102
6143
7628
5767
9576
2037
1377
4522
2395
7130
9320
4063
5634
236
1716
9284
712
9391
3451
8179
8521
6644
8892
5501
6563
9344
2427
7833
6272
2998
6253
4726
5494
3881
6845
1422
2271
4574
5944
1018
1704
5264
5081
7339
1853
3150
6623
2565
2541
6426
7096
1062
9423
5989
2915
2338
1685
1694
172
4309
4693
6425
9036
187
307
5881
7961
2578
456
3905
3596
8512
9170
5029
2203
1023
8179
5179
9940
720
1605
7037
8134
7380
9378
7402
9719
7415
9096
9891
1725
141
6316
761
6680
2975
2994
4641
5553
9802
8547
5501
8315
7717
6883
518
5092
5062
5697
1384
2135
3655
8421
6621
7387
4151
4023
7106
1567
3120
6997
3292
3261
9666
405
6294
2641
9751
935
4547
9554
9482
6400
4221
3551
3283
1091
4995
8346
3141
6380
6833
6796
1153
3454
535
1657
3830
7642
3224
6950
991
2868
6563
7009
9625
2857
6003
9376
145
550
5282
9627
3302
9503
9531
6586
595
4526
1284
3736
7258
8117
6884
4764
7923
7419
6421
1753
1413
5997
5055
2405
5217
7971
9414
4842
7180
1769
570
7325
2319
5853
3305
1974
5356
2836
8560
2303
3714
9844
2391
973
4313
9275
2089
8588
3047
8510
342
4460
859
1749
3217
6076
9720
8984
7270
3253
753
7840
578
9425
45
235
1399
5402
3071
9959
4057
3138
6155
6449
463
6820
5724
2552
5408
5123
1062
5750
9584
8273
3852
2801
4349
3572
8137
7971
3177
8891
5811
108
8316
5857
343
9715
7611
9767
6026
1668
2905
2181
8117
3368
9001
194
5920
4409
5317
3334
6512
1253
1607
364
407
2308
288
8544
279
3466
7435
2442
3574
2103
4651
269
1818
2262
36
7844
283
9293
25
4752
2661
5378
4946
4933
6140
6616
4619
2652
7869
2578
9368
4628
1238
9656
3173
7869
9474
6960
312
9400
9064
1315
6022
882
3578
6058
5079
213
1704
1456
4965
717
6835
6264
2003
2975
2880
6622
1979
749
5553
1347
1730
6791
7355
4903
4661
3182
1863
1325
8934
7279
2640
4956
8162
2570
7367
3241
2783
9071
1049
7749
6140
7884
4013
8143
7211
3245
4766
5542
346
319
3241
2076
3462
597
6979
8123
131
5195
9448
9065
2474
2089
374
6988
4659
7741
6581
3795
3164
7631
7896
9304
1867
1909
7448
9079
1506
8566
973
1852
5237
4215
3929
8699
1164
7260
6823
1295
2455
2623
6712
1282
1064
7086
8270
2076
1179
4852
5871
4343
2483
119
3648
4350
8380
7448
9781
9886
6014
755
1738
1251
4970
5667
6302
6134
9280
9477
3781
1735
2101
493
3017
9517
3932
1288
7945
5111
2492
168
9455
4975
287
9455
5677
8667
6903
5459
8553
9269
2566
292
6872
7536
2311
3174
22
1591
2652
3803
9679
1105
648
9048
622
4580
336
4920
6044
9180
5088
1851
4155
5376
1306
6185
4043
4561
1644
8949
3830
4210
9241
702
8098
7904
228
8120
5848
2880
8275
1879
337
8923
927
7312
9856
7616
2232
5900
6796
7320
4103
7304
2696
5409
3489
3092
6322
1485
2041
152
2047
7634
7206
6497
1890
7434
4617
7738
6667
9244
9617
7004
4519
6897
4316
4375
4513
2900
6627
1309
221
730
8613
9269
2491
8454
8713
8813
6291
754
5317
8338
4740
8875
1187
6631
6310
2156
721
9329
1400
6691
2685
5920
3588
3354
6647
8101
6254
9627
5762
6475
6709
728
2097
5553
9182
810
4366
1826
7917
6036
6516
2657
4911
7704
5640
7573
9860
6362
6902
1261
9405
5940
3533
2993
9294
6532
1094
5548
2511
3208
2024
9221
3936
473
4774
9471
1283
5492
1297
5552
1528
7813
4562
2792
5517
202
365
1730
2916
3620
9343
2321
9560
2876
5314
8854
5760
2760
754
8272
5969
9130
3845
6257
9603
4971
5728
7239
463
7025
2791
8344
1191
3705
1136
3060
3908
7853
4790
6824
1473
4133
5498
7385
3361
812
2591
9122
9925
3346
3746
2246
2476
7591
8503
8432
8914
584
5671
9377
3961
4814
4073
5152
8520
5209
8213
8780
9415
3003
5604
7240
3489
7454
4626
6850
4619
3569
2324
4544
6915
2422
3142
5744
6365
7997
4176
5279
8581
6199
1009
2543
1013
5082
7695
9533
6644
2260
4665
6059
5264
6622
3299
8753
4076
4277
1955
8695
7847
4280
9591
1114
3054
2733
3210
9420
731
7386
4699
9312
3585
5708
1855
951
791
5903
6836
3787
8163
1502
9846
9779
8124
9497
8532
2200
127
6840
896
4326
7472
487
1792
526
9573
5003
9946
304
8741
998
9616
2327
6706
7824
9630
3849
79
6466
7636
8242
4320
3834
8022
2444
3332
2906
997
9811
6098
8245
4137
3570
5084
5929
4097
4657
932
395
4961
9674
1393
930
8353
4452
5106
4335
4653
5185
801
8642
9779
1474
2476
4153
3918
2160
7060
1267
1971
3158
9512
2460
3081
4597
8390
3530
9254
5674
3925
568
1700
1671
1498
53
2475
2956
740
7128
8141
1542
5770
7920
9368
8247
2074
3286
6759
5486
4554
5083
4996
418
7543
8077
5015
5933
1607
622
7960
1885
1190
9660
3556
9040
6066
6031
1996
6806
9511
6489
4700
5282
4409
4068
9881
2835
3707
2992
4673
4613
8075
6022
5031
5619
4099
47
7904
2059
669
5864
3944
8211
1877
3852
7251
7943
6235
9247
4749
5746
5736
5802
7380
6497
9870
7261
5685
3577
254
6710
8190
8329
2732
9574
300
6832
9621
8205
5243
6642
421
5539
4853
2298
9391
8456
241
1978
7703
1343
7724
9791
7145
5105
6288
3367
8718
8325
6945
5324
5036
1487
3654
7768
7413
306
952
7034
8511
6195
28
5285
8086
1233
7583
7477
9689
4177
5807
3744
1872
3532
3535
5369
4989
6176
8736
3707
4501
2033
9032
9537
9873
9038
7306
7286
9344
4610
673
4208
806
7053
5845
8892
4639
3428
2722
4328
3957
4881
4425
2181
8413
4312
7550
9754
488
2639
3462
1342
1024
8846
879
7249
4236
4537
4536
9932
9148
1561
4140
6306
8614
9985
1550
3253
9766
624
3934
75
5506
4711
8609
271
9023
2511
26
5864
5150
9840
7206
2527
5038
4437
9776
9274
8975
664
5558
4475
2225
9699
7133
7192
6036
5035
6797
2154
5660
7083
8582
7518
1794
7191
4141
7170
6054
4167
3034
1205
359
6592
84
5397
1029
9860
1023
6356
6877
6582
7183
5454
2633
4316
2646
5021
9352
9444
3528
1364
2879
8462
5234
4674
2005
9375
8196
8059
9895
1230
5616
254
7822
5700
2004
5203
1913
9379
1560
8790
2313
8743
4244
1298
9412
3243
6320
5116
9039
6200
2832
1918
4662
8066
2944
6667
7441
1140
1078
3688
8722
6695
3943
2896
2395
2299
8100
660
8030
6012
9450
344
1107
47
1642
519
3290
4314
1987
8681
514
4819
599
1528
9237
9896
4547
6679
1036
5626
6719
6111
2321
7014
9007
1068
9313
3459
1729
7344
9471
7531
4040
579
7578
5682
7450
7220
9997
9438
5901
6863
4257
2853
8392
3495
2749
9291
6526
137
4917
3245
2600
3590
260
1608
4659
5925
1419
6388
9621
891
3919
3661
7822
7850
9344
5272
1422
5693
4710
3676
8908
5320
2881
3652
5167
5630
2944
8045
2119
7861
7642
4720
7804
4254
2680
2463
180
4099
8851
9801
1342
9122
9815
9164
3324
9159
4437
4747
1204
5499
8423
112
7171
1304
3765
2338
3286
6709
383
1757
922
8026
2829
5078
2280
1861
7541
8812
5961
2744
4966
3655
8219
4781
2820
1543
292
3609
6290
1496
5460
1065
1608
2632
8721
1725
1322
8359
4786
1706
117
2061
6084
2946
7139
4716
4808
1033
9881
7121
3777
4847
776
1996
9628
9948
3540
9920
3557
6182
7768
9018
3600
5728
8002
2321
7454
9324
681
8592
7382
7150
653
9818
96
4145
887
1256
5178
768
4729
8955
5615
1858
7304
1595
1806
7196
7867
1716
9730
5635
7086
3330
7715
5088
5652
5169
764
2685
114
4499
9835
7119
4317
6283
1264
5204
3892
2794
5972
4973
8102
7939
6831
5406
5886
4990
8954
3753
3058
8684
5740
144
2015
3456
1584
4019
4977
8700
3056
5091
3199
9243
2211
7517
5526
9827
2721
5770
8974
5046
744
7076
9337
3927
8834
5224
8917
7788
8977
1975
2824
4718
8471
1191
4526
55
5210
9503
5108
4618
4595
8307
3861
3158
5824
5740
9337
4898
1510
8311
6296
2254
5387
5633
6182
573
857
1451
8361
9835
9779
1186
905
8250
2377
1783
4658
3940
1286
9766
4910
2233
8073
8772
1743
250
4512
1081
5148
6022
5744
1444
4629
7484
3429
7163
8057
4287
8614
2771
474
4745
309
7731
2996
9038
9514
4006
9330
800
3772
4241
9386
8197
9365
1129
4799
3877
8562
6299
6251
4307
4095
7232
8143
7525
4395
6200
1812
9362
5323
8638
4107
5632
6369
3455
4671
5883
3813
353
3035
3937
4594
2421
2135
3959
9903
6934
4188
8465
9586
6792
9124
3681
376
3619
1206
4772
6172
3018
486
1495
1656
945
7128
4377
753
8151
260
4566
8504
9648
8504
9451
2069
6991
9762
8324
277
303
3142
9863
7095
8618
3545
7471
2238
4751
8595
8410
4122
5433
9905
2130
2731
3385
6508
3484
7888
3120
4402
2745
2768
9258
2196
1190
6249
8310
5866
6527
8613
9008
2742
5708
7627
6287
9532
6217
7391
4479
4627
7865
9913
884
9995
2644
4270
2855
2480
8510
2328
3234
1255
5096
2493
9803
2638
8742
8114
4857
1621
6727
3865
4364
8788
7844
7003
4672
4061
4394
9151
8688
2259
9064
9573
8607
8060
195
7814
540
8705
142
3775
6313
1591
6268
6116
581
1362
4230
5438
9336
7310
9304
3700
2450
3500
7055
7122
7562
7802
6273
2602
61
1690
8527
5020
9750
5074
2835
6643
3780
9329
6770
93
920
9390
2561
1502
752
6792
6940
6440
454
2596
140
9256
6097
3548
6378
11
1350
9003
2613
7763
693
7493
2784
6796
2567
1971
3439
6347
1300
6561
2792
2221
5951
5354
75
3055
8498
3367
9496
5304
5964
5988
4560
2061
9536
7290
8424
886
6293
1037
8650
3339
8530
7786
135
7450
6109
9926
3797
7409
6487
2942
5982
2438
4648
2409
1845
3146
5777
1341
8450
1741
7330
9362
154
3218
6652
8578
457
2945
5967
5459
2636
850
3245
2771
8300
5706
9049
8449
3115
5536
1391
5450
4326
6039
7859
2524
5537
3636
3865
339
1729
7547
9701
8235
7118
6353
6813
7575
5651
9133
3034
8287
9983
2631
7411
8283
8337
6460
3084
7804
8349
4476
3254
9027
6867
7466
1551
2405
7454
1769
2744
9184
5668
8798
7419
2786
5151
585
6713
7154
9718
9747
5442
6053
8730
9205
688
7067
2017
3772
1224
366
8248
4478
5746
1468
8296
3649
3873
5751
1770
2969
1287
7439
1767
5058
6577
3271
5643
3291
425
1713
9390
2219
4118
8121
7776
4806
1540
9794
8579
2764
6512
3179
3595
2258
4647
1891
2260
4872
3994
4030
4194
1633
1469
2313
6692
4399
5584
8687
7690
2362
6753
3432
933
871
7905
8710
5678
9446
8504
609
8562
1368
3788
8509
3627
4788
6753
2239
6012
747
6269
206
2381
4091
2520
5425
8490
4456
4112
2532
6818
865
5964
7752
1737
222
2814
3767
9668
1318
4376
4582
2686
4516
3092
2665
9304
9845
1256
5317
6944
7526
1875
5677
7969
747
1102
2811
5204
1567
5343
2022
2432
7659
6126
521
7881
8940
640
3901
6610
5016
4836
5649
9533
7928
8314
5189
4125
5923
6858
1069
3449
8734
3099
7770
9481
4201
581
1037
2120
2276
9412
905
9935
5538
1426
4169
831
8419
4422
7441
3435
9258
9442
9320
7186
4109
862
7663
32
7720
8733
9833
2806
1832
7603
8640
2385
8184
6029
4506
460
5441
5411
6747
980
3189
7268
8163
1608
1691
1956
1396
7301
1399
7068
840
5508
7930
8503
5540
2003
3588
5373
1161
1772
2976
6153
4158
7512
2183
5016
4324
7624
6779
7423
4956
6320
1044
3119
7929
2735
1428
5677
6388
2827
2745
7228
4687
7028
5732
227
5383
5672
1952
6544
7445
1280
9050
7955
5144
1233
2971
9468
5209
6102
3243
166
2422
4287
9637
6703
3374
7417
2380
9763
244
1478
6991
4931
4858
9075
1510
241
4748
9814
6785
2193
1094
2187
6500
6238
3420
9471
5706
4982
1925
5302
1500
699
9589
1137
7403
2964
4907
6135
2727
5151
3965
6070
6435
8823
1498
4297
9064
6246
4112
2202
4791
5206
4389
1291
7797
4162
7114
9855
9144
9039
5157
644
9738
4747
8133
3493
7711
3040
5981
6790
4544
9946
2860
7331
8770
4358
1628
4186
6956
5740
2740
1747
7299
7130
9390
5096
7644
6504
4951
3140
1895
109
3784
7986
1208
8269
7831
8919
7662
3812
2061
2206
3759
4921
5889
8881
5632
7517
9419
2588
9610
2160
688
3261
5642
6430
8357
3286
9287
9660
6426
7534
9769
6562
1872
7329
1183
9704
6248
8845
9868
8309
7403
3627
9583
3292
8860
1567
7162
4632
4155
6772
6792
1195
33
2434
3978
4742
2072
3265
4402
4850
799
524
1412
2672
7853
8947
8728
454
7793
8596
5115
5196
8576
4698
4841
3788
6265
2003
8420
6773
5127
5212
4320
1512
3998
8298
6254
6070
7915
7008
7272
5067
3884
5036
7739
1738
3984
2819
8544
1777
1415
3659
3325
6343
4710
8166
132
7327
6521
8552
452
1648
3765
1125
3160
4115
5775
5766
6538
3691
2775
3810
8758
6659
8847
2849
4749
2831
5668
9645
960
3435
9657
637
9779
719
5156
9911
8046
1677
4815
4851
9678
4932
5976
2838
9048
8103
4957
5586
1794
4084
5748
6904
7095
4595
6105
8197
3778
1773
7842
1090
1561
3851
1728
7692
4570
6884
3955
8969
8561
8770
3820
8239
3703
6148
7430
9103
4251
8739
1041
2398
2823
6789
9302
9918
1385
1760
8115
1515
9885
2310
2606
1446
6161
4334
9138
732
1218
3093
9701
6131
8216
9873
723
1919
2373
4505
7374
6624
3244
8415
5374
6067
5204
1029
2337
2941
2789
6805
4457
2674
9115
7063
4121
1628
1397
9611
8712
8967
9057
4765
1450
7273
4638
2173
5544
7011
6678
2918
9988
9922
1333
5362
2341
6537
2743
4679
9479
5532
1484
288
8207
6951
7351
8680
8579
5100
4643
3644
4067
3700
8409
5517
7325
3048
4043
2869
6411
721
5787
2751
644
3472
4466
2985
6362
7209
4016
2193
2742
5500
2481
7301
8803
9832
2333
3735
1284
6976
7379
1703
7029
5788
7220
4354
5188
7615
7224
1600
8337
9363
703
5333
9188
5169
4670
5550
2379
8687
4095
1473
539
6576
5126
9343
2760
7459
3078
4044
4435
457
5747
7816
6245
9319
2171
7786
6935
5747
9386
5272
1462
6441
6957
650
1611
1627
2552
342
314
6647
1815
7206
9575
6941
6549
2335
4400
5979
2731
5187
6436
8478
3004
9033
4150
1527
6819
1085
7274
2557
2709
8736
8999
9666
9387
6962
7645
8291
7304
4312
4939
5471
1518
4514
2412
8067
3202
3164
4046
5933
4703
6834
4412
4059
5867
4914
5586
9039
2351
2860
7948
5060
7949
6947
1078
3688
261
5075
1979
7565
9387
6918
3036
905
7785
1800
8972
987
4964
9370
6920
9668
6204
7684
79
8424
2598
5666
7463
1301
4878
5411
6361
2827
8711
3791
6515
8972
8867
8495
2890
8254
1765
5926
9160
9550
7727
4484
6889
9043
3855
3810
5063
6411
7846
5143
4835
6797
809
8650
8098
5687
414
812
4867
5477
955
1382
801
9822
6229
3691
4429
7995
5970
9941
3897
49
777
787
9092
984
949
508
7396
5147
5651
8583
1944
2812
3586
6395
4851
352
3559
9718
5829
4514
7453
6630
689
3682
6674
1470
1677
2644
1411
5575
2693
8540
2714
8137
9525
3663
4997
6921
8810
7000
1856
7107
9812
1794
9854
1016
2146
3413
7086
4327
7927
4539
7310
4968
4574
3984
6438
6251
2980
4201
8178
2025
2742
7244
6514
2267
907
1512
5540
6070
8512
3748
9529
4677
5543
9383
5693
7689
2796
2779
8369
7075
3671
5679
2044
8245
6015
8482
848
8995
2684
5379
7372
5426
2623
3886
4045
9883
5398
9585
2305
263
3333
1834
4940
8876
1217
633
2918
365
9764
1287
7440
9787
3318
9484
4384
9333
4319
5233
4680
3355
612
2052
8781
9587
2290
2826
9470
7689
8763
1775
4304
2096
9961
9244
7325
7530
6229
243
7895
2345
7882
1688
2133
7552
7524
2869
6885
1843
8102
7917
1550
5066
6321
331
1006
8611
9509
6828
2652
4624
4956
6956
6721
4917
6200
398
2448
8781
6993
6695
1127
1227
4735
9612
8779
2260
2481
2016
455
584
9933
2006
2002
2606
8689
3008
1217
4551
6189
3870
9175
1145
7178
2248
6062
9731
2646
4862
8512
9639
7910
9639
866
2645
9251
9645
4905
1733
1661
1713
8669
7946
3719
7023
552
8760
6384
8122
3311
2573
8344
2487
3718
5522
4735
6132
5253
7382
995
3766
3373
8905
9757
4240
1550
9009
237
2808
7094
8251
4521
5763
2549
4592
9138
9454
3352
5522
7576
6664
8095
5920
5503
8165
7794
238
4298
9400
3972
5293
3166
7346
550
2923
7938
2100
8284
4527
4908
5378
2778
5781
7493
5328
373
6632
4782
3726
2154
8710
390
6602
982
2245
4767
8776
2483
5417
8176
2808
710
7694
6506
7612
6970
4444
9713
5254
5323
973
6985
8102
6755
4478
9782
3480
7462
916
7206
5969
5978
3948
2571
6960
6193
3690
5736
5029
9108
265
7837
6170
4311
4343
3783
1281
5139
9848
2888
462
7173
6225
4916
3928
703
1050
7409
8166
1966
967
4135
4296
4916
3058
1256
7461
3100
3345
2490
8560
9962
6679
1083
4273
1022
1218
1907
2513
1066
4795
2976
8239
1020
4244
8520
8075
5295
2281
2593
3613
3248
3080
7910
4516
6138
9166
8330
5591
8863
820
4151
8825
7500
5234
3099
4874
6452
1358
7388
3870
6153
6716
8462
3525
960
6982
7952
6255
9263
546
6221
8863
3626
4131
9732
6117
9649
8062
8060
4865
5234
2211
3690
2734
3798
3141
3961
6602
4499
1349
473
7004
4417
5287
6881
5377
2269
4834
7985
7884
5380
558
3099
5358
4689
2831
7827
690
7245
5887
5555
2480
4451
5598
1566
4601
8739
1879
1203
9591
3228
8028
6595
3997
3315
3477
9375
1936
8311
3712
6172
43
4270
9272
1753
5311
8455
5933
6001
2053
8172
7909
4533
2623
3507
2451
3576
8598
4331
4780
8189
3911
9160
4785
4261
8828
4614
3636
7116
9277
3700
3289
5672
7970
2561
7425
3281
7368
9710
5634
9421
7883
9895
306
6858
9754
2758
435
8353
3441
1567
2894
3704
7079
4031
7965
5907
8645
7953
3024
4274
1653
2665
9946
5975
5226
3724
5608
2594
3434
7595
2016
7669
7490
2322
4528
7245
1432
1315
1950
1225
2882
4844
1282
6313
8876
9247
8573
3873
3553
7949
8148
5206
614
8094
7534
2192
1818
3142
4786
1605
737
3154
9274
4580
1829
154
8177
3261
1469
127
839
703
4971
2121
7017
199
7720
5590
4073
1273
9891
2221
2832
505
6667
366
2697
8486
9860
3835
6443
6950
6990
5717
1530
5171
5872
9707
8432
7341
6186
5623
8045
7509
7744
1414
7709
1817
3356
8134
3090
3247
6707
5922
104
3374
2640
2801
8212
8853
2988
4655
5803
9978
373
3685
5149
2597
9744
9934
9938
2282
1909
4335
9791
6006
2101
3852
7823
5457
1986
913
5056
5045
3188
5160
8420
2180
4313
6632
1033
3654
7640
3188
9984
8013
3225
1486
6962
2969
1420
3252
5251
9681
7588
1395
5687
6041
5247
3510
7851
3586
776
9259
8631
3964
772
7051
2496
5085
36
9882
5091
7676
3070
5076
2041
6296
6562
9003
5617
4334
2255
7221
4015
6195
4968
9703
8589
215
9565
6440
153
341
5699
8785
657
6471
2188
3154
7909
8576
3036
3000
2604
6106
8076
997
8754
4638
0
724
8972
8608
4297
9340
1155
9265
9043
9744
5832
4960
2536
5986
5302
8236
1123
5959
1059
9663
9113
5320
8240
8501
8321
7196
4608
2749
8194
9714
3740
4546
6790
2712
3154
1087
2052
662
352
7447
406
2537
2408
2943
8523
4062
7531
5998
21
4942
5661
5487
263
253
3988
8584
7450
4948
7685
1996
1015
1425
6542
7805
490
6049
5245
8894
6711
1949
6342
3469
4486
5102
2764
9361
5516
6647
5359
5537
1590
7373
7376
1853
7626
7717
6789
1428
2665
4474
3424
3680
5900
6319
7838
6390
2368
3083
5284
5431
5032
7978
8900
5871
9432
8017
5232
4948
4664
592
6838
6254
7965
4214
4459
1943
1931
1248
3372
949
5723
3148
981
1623
9467
8819
4365
1835
8254
9649
7266
3287
7628
2519
5510
7060
6888
742
8361
1552
7686
5199
4159
2003
5765
8618
3947
7697
6219
3671
4998
1942
6819
5979
9917
6287
4799
4282
4474
3053
3931
1741
2692
7911
612
8202
1324
7500
5297
9685
5404
2983
4884
5915
4987
649
4534
5286
4698
753
8957
9696
9047
5776
5676
8964
2063
6827
3246
6538
9880
3529
4631
8925
1441
1595
3479
9117
5447
8776
8802
851
8112
38
6767
3099
7039
7653
4737
8090
4758
3694
7786
3805
5822
9814
9121
4238
6641
2367
7128
2874
2248
1759
8151
3689
9706
1630
9158
5153
6759
7960
2356
4871
4350
9123
4322
1390
3128
9059
9480
7886
9105
3618
8043
4927
3433
7164
9165
6426
5883
6293
5652
8132
4404
3803
8173
4110
1786
7332
5615
8545
1644
7972
3416
2347
3447
4090
89
6576
3149
5921
814
2254
9539
8858
3533
9324
2374
2699
2103
4610
5344
7755
9094
9749
7911
3619
211
9697
7303
2179
8242
8948
151
1658
7647
9950
5748
7736
6526
5249
3657
3693
3855
3196
2551
7388
8873
1277
6439
976
2239
1784
5083
1333
7885
2994
4953
8096
2691
2256
6627
933
7556
6778
8943
5203
3081
1043
9291
9607
2644
2948
3300
6499
2497
2203
3888
1370
9833
6679
8698
2072
8463
3781
9758
6348
3128
4711
797
5819
3319
7424
3105
7228
555
2048
8783
3636
9444
8075
9595
2088
1023
9248
8588
3520
7803
8828
1242
7636
5507
9940
6061
323
74
5819
6671
3202
6882
7468
9021
6553
1245
2126
3781
1800
527
2565
1788
6323
640
1383
8411
8015
631
3351
1536
8435
8531
2778
2423
391
9071
8484
714
9145
655
7385
8699
7537
1206
4072
4091
2451
6199
4224
603
3078
6789
8743
9401
3781
126
4164
1797
7110
7516
9685
1897
6047
8815
4320
2790
7886
9157
3504
3383
9812
7242
2082
3702
8448
6155
4145
7251
8706
8369
4206
8136
1511
2949
3889
1644
9427
8053
3441
6537
1921
3126
4786
4321
8294
9107
7111
6180
4616
616
9564
780
7858
7998
4482
2658
505
4979
9909
9211
9701
467
7347
1212
3416
1236
2856
9195
5642
2650
2085
7563
2128
6871
1884
422
2330
8996
2955
6946
5964
8871
4079
3822
6869
8561
6480
7375
9893
2741
2938
9594
9560
286
7158
9328
7874
6366
8523
9868
9016
608
7432
7497
7480
5668
7919
9810
4664
874
3109
6980
9745
7188
802
2967
2101
3634
342
1994
2727
9632
7940
2287
9918
5098
1615
4145
1465
139
365
6833
7099
7797
4330
4579
9818
2250
742
834
9476
203
7815
5574
7391
4969
4893
5844
8604
1587
7839
1331
1219
2131
9971
7490
7230
1586
1635
5047
8077
8352
1880
5177
2502
6211
6108
2320
4813
6850
3154
641
7053
969
2567
796
5939
7460
6641
895
9047
832
2226
267
2963
2197
7757
6545
136
5744
1592
8213
4096
9825
9742
6598
6036
5851
8918
7201
9053
8425
7842
6107
5746
410
3255
1685
7870
9896
8932
6918
7080
7511
3537
44
6060
1294
6589
6196
3390
4534
762
7486
4359
504
437
6747
6355
5707
3948
1761
4132
1790
4220
9879
2200
7475
7916
6423
3724
6849
9693
804
712
3230
848
6772
876
3790
2969
4266
4676
83
1752
9035
587
8541
2134
3295
4249
6082
1408
8381
4224
5628
4612
2777
3103
8881
9200
6827
2082
8893
7632
2794
8475
4832
9566
9351
8622
8887
9969
9650
8970
8073
5037
5910
6615
7171
5557
864
3253
6965
5597
7478
2593
6562
255
2048
5443
5807
8876
7525
1052
2860
6671
9527
7692
6237
5230
2667
1477
5199
2317
6799
3272
7355
2709
6239
4526
4618
3455
4132
7935
9053
7962
6880
1967
8217
8929
7410
376
4157
1287
1428
3369
7958
955
1061
547
2537
80
2024
4088
2398
8824
3712
6105
7885
9952
6983
2504
3407
7467
439
8812
5429
3672
779
9998
2601
4541
374
3110
5828
1802
6479
138
9109
7540
7038
1646
3973
9062
5734
2723
4238
9447
8828
2124
5751
2163
980
9158
9631
7771
7971
1412
1443
5102
1411
4044
9644
1785
7154
1824
3588
3633
8315
2697
7526
5353
696
1499
4415
2782
4222
5006
2229
9402
7130
4332
7917
8110
3491
7548
5881
7814
8961
7325
9268
372
7721
8912
8509
1228
7089
2097
1213
1756
1147
8739
7109
8195
6590
7876
977
7164
2882
9559
6566
12
3891
4484
4474
3734
8384
6708
7900
3697
4033
7169
421
8106
2433
8931
9334
5874
7380
548
7630
4879
5639
4739
3074
2230
2616
4052
9394
1850
9963
2313
1863
3854
3149
2689
3941
1533
9397
1841
1583
9782
9010
2004
7889
1444
935
3575
7318
4668
4123
4949
9547
6115
6040
8974
8345
5008
9378
4091
6859
9341
2756
5074
9547
5905
7763
3488
3791
3513
1682
5374
3295
692
7378
7536
8488
4666
1112
2159
9334
1587
3460
5233
7702
5852
4207
2399
861
3585
2843
7720
9278
5599
9146
8826
1505
6909
8666
5296
6774
348
670
70
7393
4400
7606
2233
5418
5070
4392
1104
6658
4204
6338
712
57
6897
3112
918
6835
5955
4990
2465
1554
4136
7643
9411
7397
6310
4707
4172
3010
1729
4242
403
2482
8200
2637
7900
3271
3381
9005
9929
7586
1695
6993
7643
8592
105
4913
1779
2412
9903
4245
319
4039
1888
9730
1436
8198
790
5608
7561
2519
6202
4316
5001
755
6953
2902
4026
6687
8259
307
4273
9954
7300
8268
8546
3758
3181
6678
2522
3084
923
2841
3475
2811
8924
4911
7362
9714
6872
4923
8585
9426
9239
9939
181
2545
9193
559
9232
7452
866
9857
7406
4519
8125
2304
8277
7658
8982
799
742
9905
9993
4217
9069
8917
5480
6431
4983
8704
7706
3568
4483
3297
9859
1016
5842
9052
1576
1426
6504
8794
7635
262
3313
5760
2567
7942
3418
7901
5094
512
4159
5087
1081
3228
356
2914
6011
1691
1618
3717
1611
2453
3366
1471
3470
9209
523
5046
6987
7028
3840
4623
7290
3506
6735
6209
1448
6506
4111
6542
7018
8270
7981
8100
7850
8337
1014
3861
28
8984
3930
7992
1438
7296
9463
1260
2857
9986
2658
9845
3366
6498
820
7009
6356
7555
3218
7805
4061
3681
4347
7432
1951
2329
5532
6153
7018
2898
14
3399
8234
3944
1391
6024
7593
854
7284
450
7192
9942
295
559
2793
7467
7568
9149
5023
786
3306
5436
820
7654
2868
9123
6335
4752
5277
9705
4002
5291
3104
2237
5588
847
8261
3181
8053
1898
3631
5246
8192
279
5805
7337
7746
9725
6487
9121
6863
9793
910
7683
3799
130
6807
6486
4883
2084
6192
5237
3727
9296
7474
9315
6496
2088
2496
4549
338
2480
9795
8530
2759
1952
5868
6857
1677
8707
2331
8541
4852
9593
2576
5004
9723
9383
1490
4606
7819
4034
6196
1547
9683
22
7214
6179
2110
6063
728
8800
8543
6876
3683
7654
8828
5903
863
6858
4610
3194
1751
5814
2787
679
7170
8863
6415
5013
9821
4234
9047
6017
2133
8730
6040
9348
4909
4502
5411
1990
3303
3954
5218
6986
7960
398
2889
8823
7256
3851
8370
5359
6017
7509
6039
9540
6372
2454
4553
6194
3040
3600
2211
5174
2331
8251
4522
3592
2754
9933
1934
2409
239
7152
5747
8199
7551
8636
3374
1159
8839
1744
6519
1208
9254
8910
748
1978
7716
5301
8172
756
5254
384
5930
7585
4987
6804
7529
4093
3089
9464
6502
3328
2968
2249
7879
519
7237
7606
1679
2428
9350
4550
3637
4956
9812
737
6935
7528
6039
5107
8284
1293
1843
567
5230
3183
7371
9111
7276
461
4927
131
141
7896
2380
4373
4767
5970
1979
2798
4750
7681
3700
4739
2638
3512
5477
5925
1040
7868
7384
9325
5513
9228
6244
7095
2411
3615
6206
6039
428
7486
6170
6922
1734
4903
1295
6501
7225
9626
5652
1975
7307
9352
6715
6297
2865
2192
8574
3905
60
5959
9582
5573
1539
5826
2668
302
5794
5226
6341
6222
9064
2512
3144
798
3767
791
3652
992
417
9304
2967
4077
8656
9682
6726
1521
8226
5301
1779
8286
1260
1361
211
2799
7188
9231
9453
9334
810
5794
5556
9874
4658
5053
673
8425
5844
4325
9417
2614
9981
8737
3043
8637
4771
9769
6511
2998
5070
8290
1284
2682
9651
7848
1833
3191
3431
1286
2525
4241
7081
4434
4116
8091
9487
1141
2869
1683
1818
8638
649
1799
7375
3692
436
2147
3462
6947
5145
4884
1589
2781
7567
1241
6981
9400
784
413
7039
9662
4654
472
4096
5122
8563
9935
2615
1432
7970
4433
71
4972
6232
3798
8664
3021
5945
8478
9968
7442
3363
1558
6576
7282
9151
3557
3034
6287
322
6425
5949
1329
6897
6397
6451
5461
2684
9067
3245
7007
9852
3316
1979
6085
7115
643
5458
9412
5474
1778
6855
5189
9688
9783
8823
8839
3340
1857
1479
3663
8283
7428
1344
5180
178
7795
6993
9214
3214
239
6221
9419
9907
8200
5504
3374
5196
7314
9139
670
9092
2346
2211
8781
2129
1034
7620
1821
2891
5451
1836
7526
9232
3180
9059
9410
7328
2404
8624
6894
8995
1198
6313
8903
9398
8169
8629
4594
5483
7768
1616
4576
114
3827
3357
8595
4861
7329
417
4105
2781
2253
7983
2013
1786
7042
7775
9114
9447
2751
6008
4794
3949
2322
49
3348
491
8679
4294
5975
2799
5911
6903
9266
6090
260
7861
952
3941
4630
1409
6722
3236
9392
5087
5022
2787
2862
4136
8586
5614
6496
3380
5915
8818
3430
9263
5662
8461
9910
7989
1260
5821
4892
6878
8263
5152
1092
5567
5445
5722
6976
2168
8958
2721
3607
332
5508
2822
820
4094
8436
7317
7474
4351
6135
7256
9967
1797
5717
9877
9786
3330
2050
1030
208
6665
2534
1300
2233
7980
3375
5561
6500
8685
8282
107
9018
3790
2929
9838
4236
7717
3507
8063
8421
9643
5319
4740
7792
1037
4617
3931
719
3019
1313
927
9684
3848
8580
8269
1828
1955
3831
8328
640
2113
8435
6010
2256
7717
2201
6492
5434
5708
4555
207
1703
6227
4947
5848
3616
9564
6131
4335
8935
7444
5262
4972
1292
194
3241
3120
2149
7072
7800
9142
9186
2588
1504
7794
305
3705
638
2091
5766
5194
2299
3821
7773
7246
9669
1389
3163
5800
5724
8450
3245
7338
3422
889
3885
6664
362
2386
3736
8162
7880
9274
7102
9385
7068
7407
9442
7707
5851
1560
9253
8150
5382
7026
1748
5051
4767
4911
7204
6843
3362
6801
533
6784
7690
4418
9800
4404
6805
3537
8919
4685
2811
6021
422
6232
9781
6217
291
5632
7777
9544
3782
3159
2922
5530
4563
4041
6794
1767
884
6508
8568
7769
9644
2610
2188
9445
3367
5345
9334
2286
6382
8497
8307
3157
4729
4440
9374
5020
72
7151
916
206
311
3838
2089
4874
7879
8883
2993
5115
1743
1561
2885
1387
523
1425
7184
3890
3122
6518
2528
9504
5016
836
2661
6097
1628
2035
1118
1701
5539
2034
8259
5850
2225
348
