9770
4206
5256
9065
5220
8918
2228
8998
9420
3843
7995
4467
3432
7029
6401
3878
7722
8774
8147
4559
8129
6342
9777
9407
7232
1370
2365
6320
8540
1614
1111
8311
2172
6367
3728
7393
1637
5956
2743
1058
9799
738
1877
3231
4120
4630
3462
1842
3404
1609
2753
7885
4303
8883
3644
1535
253
6009
4207
5145
3976
5318
9808
6148
1685
3537
3541
9675
5845
6284
733
5645
3375
8962
5228
7495
3592
5042
5689
3349
3004
8443
1234
7307
7326
4879
5195
3931
7240
5754
5428
7568
1073
5237
3717
9110
8774
3610
8785
4619
9895
5870
6616
9622
4832
8197
7117
4777
9591
2806
8126
2595
7601
5712
6255
1279
6943
7802
5210
4184
3556
639
1752
981
2228
1821
92
1002
5432
8877
1973
1679
4748
4942
1301
5932
9491
8418
709
9082
7576
8835
8030
5178
900
637
6457
7843
4791
8020
8379
4699
5011
6484
5681
7239
8305
5773
4593
89
1002
2918
8120
5750
4212
9421
8035
3703
4191
8744
9138
8120
3932
3520
3298
4832
4157
6107
9027
5300
479
7407
9999
5490
243
5680
9081
8548
7805
26
4990
8808
2945
3110
910
7157
8884
8945
7213
9427
7690
6351
7547
1622
9871
7197
2806
380
3305
1833
2032
3784
5592
2031
5627
5835
4064
1060
4384
1869
1087
5726
677
384
5188
1588
3893
4072
533
1106
9852
4575
7457
7399
2549
3680
4597
5355
412
4254
3541
2444
4390
9133
828
6369
4969
4892
7430
9353
3113
4869
1431
143
5253
6619
1731
9146
7044
8616
6605
6896
9544
414
647
2093
447
5244
3801
859
5850
7342
9656
6593
6475
6836
2962
1444
8080
6744
7149
1193
1613
8580
1336
3218
5200
9419
8717
2244
4388
1674
5492
3932
2088
6139
2377
2535
7736
6178
9747
3586
3520
9403
6531
9996
2591
9494
1440
671
2590
8590
8216
556
3522
9553
3774
5074
5324
8843
3670
9712
517
9162
9996
8958
5302
2374
1493
3038
8552
1240
2976
2073
6995
9508
2069
9586
5354
9861
6609
7944
4803
1178
4852
8326
7083
4979
3400
2407
3822
7071
8472
692
6233
8468
9650
7887
842
7495
7277
9395
8736
254
7820
2083
6114
9889
8022
7820
6102
983
2116
906
2161
6969
9232
9244
1948
8984
1652
2122
6055
124
9166
8641
8592
8816
6528
5787
2664
158
5182
7752
412
3002
9835
2878
9243
4209
7050
5345
5193
9166
2603
7354
2487
8187
6599
4435
7172
4603
2910
9579
1079
2076
8220
6023
7245
1101
1810
9909
1259
6992
7661
8023
6346
3848
7253
1941
8058
4303
3639
3251
9821
6242
6957
8661
782
9908
9448
7954
4511
2358
3885
1942
4435
8458
7966
1680
9559
9776
7941
7170
3121
5602
1545
5819
9450
5150
7761
3860
5805
1400
7111
5626
3994
421
639
4776
329
88
2730
1193
2446
2968
3135
3233
1426
1101
4913
7337
878
2854
859
351
4808
2404
6170
611
7554
3931
4471
3359
1683
7935
5337
5678
8356
5977
454
8685
2417
9537
6230
4863
2505
9366
8097
3931
467
9362
7620
7697
8569
8479
4400
3377
883
571
3988
4789
854
8460
4500
8890
6395
6189
4568
1103
8518
1374
9788
935
7263
6019
2151
9768
1737
248
51
2204
5962
4023
6254
4531
2502
654
4261
9737
7577
4601
4526
8432
3061
9026
7322
5808
5216
8242
6911
3734
5968
3052
1022
3232
5423
3173
9352
7160
9773
5756
5716
5735
9779
1970
6619
2282
8977
880
2019
6554
5481
2898
1338
4895
8276
5012
7055
3492
3254
3967
3579
9223
3371
953
8807
8794
4126
8159
2306
3899
3915
8022
5986
3695
9993
2605
2329
5322
9837
700
1876
1671
3598
9567
2918
1875
4579
9973
1719
4186
292
1650
9761
3663
2603
8568
8809
6729
6727
1115
6980
6995
9138
2967
7042
5483
5572
9371
7157
1762
6423
9033
3433
22
4952
2703
8249
9532
2676
9968
3718
2969
7971
9831
2984
574
8399
8146
7304
1478
9261
636
4825
4751
3603
1867
6586
9176
7590
3743
7290
4014
9129
723
388
4081
3426
8637
9965
2454
4957
35
1775
2928
9866
1112
3503
4617
9258
7159
6096
4871
7795
921
5975
7751
9141
2561
6927
6731
2657
569
7097
8138
7644
7485
2219
7422
2474
2185
9876
7432
8572
8004
6712
8439
9116
6567
3056
4726
78
5504
9597
7874
2778
1924
5625
1919
838
8904
5002
3495
9473
2100
1633
3469
5937
204
891
8412
8741
767
2196
7314
8771
8908
2105
4239
5476
1513
8965
5554
3370
4915
9780
6148
6839
1757
4419
7677
7013
5773
7524
2838
4225
5509
6307
163
2066
7198
4927
807
4318
7123
4473
9441
2383
6578
3681
4211
8092
2646
6118
7814
3913
2250
3962
753
4008
4733
4782
7373
506
8659
212
4732
4168
2871
1247
6234
6422
6174
3394
740
9649
7867
6533
8384
798
214
2596
5242
9213
8714
3056
3126
964
7018
231
1324
8103
5014
8698
8609
3673
5262
9693
4193
8133
940
6780
907
7114
174
1647
3115
8041
8181
1500
5191
4747
4096
433
312
9162
3489
3439
6478
6859
22
4155
4962
1388
2853
9924
1413
4467
9617
5607
8952
558
8739
9860
4024
8913
7859
7140
3306
2392
4992
8498
3492
9088
8931
3804
4602
8773
3595
7432
1984
3618
1587
3299
1358
792
3223
2772
5259
9192
4731
564
9750
3470
424
127
8735
4635
3619
2041
7028
8611
539
520
4051
5823
676
8653
948
4272
2437
2932
4242
4025
6231
5600
4817
5806
8372
6429
4999
9455
6993
1101
2925
7417
1228
1660
8404
1199
54
1784
9810
6945
2304
3861
2768
9333
8866
68
3605
1304
9353
7847
5329
1936
3447
6498
7743
8172
2927
9094
7627
9920
195
6905
3689
7776
4917
2094
8975
1323
230
5138
8269
2535
8999
7389
8220
4218
7458
1825
5522
6811
6024
7203
8747
9471
53
2842
3995
2981
1936
7975
9253
8484
1232
9295
2612
2501
7741
7939
3825
7971
9429
2094
6858
4781
9483
