7836
4591
9976
6833
5274
5890
6510
5662
6120
1668
5265
9269
5867
3764
598
4939
1720
6072
9869
4515
1140
2312
1928
951
9569
4823
1541
9686
3979
5287
1049
8168
9879
1025
5001
5153
6916
7863
7167
9388
5884
2432
5010
1751
2548
5608
3042
4268
8032
9263
5135
5524
1576
7064
6476
1145
8239
4369
7184
2219
9656
8233
6739
9535
9259
1740
1041
2527
5956
4560
8267
1840
3345
3277
3591
5893
5237
2985
6514
9622
2249
1649
5146
3825
5065
1622
1322
3305
5991
8506
1876
5648
3092
8615
1535
2351
6707
8928
1230
2663
3489
9497
4503
6834
9127
4446
2727
716
7432
5593
338
6033
7243
5485
6210
2308
7107
7532
1965
3099
2391
3841
5099
5483
2456
2986
4186
9164
1915
1768
8179
1756
7617
2683
8590
6744
3481
7669
7461
913
3263
7799
3298
6858
3284
9508
5518
6744
7041
7484
6195
5784
1325
7646
7619
134
632
8157
9298
2547
9925
3829
655
7542
6512
5597
639
9994
3267
8100
7259
2882
2251
558
6092
1888
6418
1610
4984
3459
9094
1179
5595
6772
8825
3214
6906
5809
1371
2556
4709
7648
6385
5364
1543
9250
962
2182
9244
581
6634
2855
3463
5237
9765
5907
7125
6184
7517
2109
5995
2964
9640
7943
9736
4817
1157
6642
627
8881
9198
5336
2881
5583
700
4424
4833
8014
6606
429
8595
9592
9637
8410
4830
9402
4317
1955
1938
1835
417
7934
4799
6409
5877
4535
1227
3386
7529
8206
8619
6727
9894
1501
8662
594
2277
9848
4961
8884
6629
3556
8476
6266
1967
9658
2021
2636
1614
3959
823
8383
8245
5622
4792
474
6509
2371
3861
4038
577
8832
7117
471
6685
2132
7418
8963
1980
8731
4199
4961
2287
9027
1228
606
8686
3249
9595
6652
3560
418
5035
1806
6041
6179
2280
8902
4903
2493
9293
5480
1326
2762
2304
8011
4894
6074
3326
3226
4805
7525
4540
3444
2905
5768
403
1591
5369
9998
8243
8929
416
9630
735
2809
2161
9368
8064
7064
1861
7357
8897
9539
6471
1201
3903
7718
3627
7229
7296
4784
1107
1836
8228
4012
7604
4983
1955
9325
4981
6550
8255
1750
2532
5342
911
4693
4710
8975
1758
2924
2684
655
2463
5508
8208
6366
3226
8187
9948
522
2971
1055
2359
7551
1419
6315
2535
3374
5641
3868
6276
248
1970
8808
5590
2882
3501
6653
8209
1611
5929
7246
8618
8392
2754
6826
1111
2332
5013
1059
2854
4336
8466
1565
1888
9885
4233
4423
9611
9874
4643
2239
6474
6614
1047
8416
5848
900
1421
409
2512
7350
4007
7482
2095
6761
4309
9558
5445
5674
617
4652
11
5435
6217
8251
1672
450
9026
7635
6676
3669
9874
9502
6635
7273
7919
8835
8173
9340
9245
7037
3043
3252
4520
5138
6366
5181
4696
1811
7207
1665
6463
7218
7100
9033
1821
5124
5835
847
2759
8864
4517
2633
8366
7504
9906
2637
6340
4431
8330
1937
1469
1373
1541
2341
2863
4259
3874
7559
6071
1081
5576
8886
4652
9028
4271
6473
4152
107
7321
6911
5323
8190
5896
41
5694
5802
2679
8386
6585
1009
323
8054
8734
8217
6747
1597
2476
621
5508
8547
1703
1084
3786
6355
6464
8057
2828
616
4516
149
3879
9839
4691
9775
6233
386
1929
8912
8772
8514
6273
5448
2921
5007
3665
6020
6604
6141
2994
2112
1041
4697
9548
4827
7404
6012
9236
6584
2980
105
3086
6859
6296
7777
2986
2529
8163
1267
1441
3288
6133
4066
5088
5406
9073
8753
1427
5677
1246
4421
4141
2287
5470
3689
3466
9226
6053
9055
5810
9033
9160
8896
5892
1808
6674
5230
4338
1189
6497
2131
829
2631
6198
5917
8037
1623
1022
5816
7301
2269
6589
7794
4556
2059
7836
4375
1285
3889
3430
7096
2923
8942
2344
5167
750
5370
398
1440
6560
3247
9924
3741
5878
2474
9659
268
4097
681
6084
7750
2950
2674
5545
3859
1085
9733
8234
2371
3622
8016
5819
2897
6958
8163
8065
7708
9886
4815
5501
2798
8062
5425
6539
293
7899
2550
561
8348
3232
2997
6099
2534
2023
7996
2745
3109
7729
7331
1832
1351
5347
7651
4249
2305
2166
8666
6366
8404
3481
1867
1202
7895
7292
7742
8188
1543
292
8749
9891
9876
8099
2342
8763
122
338
1508
3231
4419
8840
5063
5771
539
9066
6372
2845
7585
1390
9211
5989
1223
7430
3544
9118
1074
1286
7307
8969
1578
2408
8860
7807
507
1203
6570
630
7893
8078
213
2313
3270
1629
4436
3810
7047
7160
3007
4632
8550
8570
6974
9773
6000
518
5243
3426
8156
2550
2395
6086
4959
7607
3893
1818
8810
463
2448
3056
4894
2662
1721
4516
643
6157
4678
7690
9669
7685
8675
8219
2607
2001
4344
4959
2519
9587
8385
7027
8490
780
3113
9801
8388
3359
1619
3550
3822
420
2958
5068
9434
4679
5937
77
7188
6967
7767
6857
1005
2794
1428
3612
4795
2124
8572
3666
8064
3309
693
6554
442
3807
2707
5182
7166
4326
8732
7340
1098
8043
8761
532
2722
1050
609
6263
8017
4729
3120
9022
3875
901
8987
8671
3025
7559
2337
1089
7220
3031
3995
7662
3190
6702
2844
6708
7381
7929
400
4831
5972
9161
5364
5046
6563
2325
7661
4581
3406
782
9955
7282
8035
8942
5953
1060
2853
4642
8502
6426
7673
8849
4088
7215
1904
3285
3923
5637
1214
676
468
3538
6189
5832
8584
2753
4510
6246
3686
7916
3380
9993
1550
1415
8936
7503
8827
8141
8498
3681
4567
2523
2531
5008
9739
4435
8293
14
72
9507
690
540
3045
6880
2725
7981
5985
7235
579
9671
1503
311
9664
3054
8078
4952
6909
6906
9446
5407
587
365
7931
9470
5373
4022
3905
18
4036
329
5877
1079
7222
5274
4311
9947
9608
296
3534
187
6319
5037
6851
2335
4443
4929
3640
1353
1835
3086
3112
8775
9803
1043
8245
5177
5065
8503
1547
5454
8832
7425
6533
2406
2699
7196
2353
