2307
7492
2239
8847
163
3629
5698
2498
8072
627
6138
5777
8815
9224
5242
3942
5380
6285
8539
6909
7703
7042
8456
9509
2227
5881
2394
4633
4933
9590
3339
3592
3434
5578
2439
3597
5559
4489
6095
9984
1469
2234
5761
284
7810
1003
4226
3190
3641
2765
99
7696
6160
8556
3557
4739
789
5951
9372
2074
5541
9063
2019
8975
4642
4458
8924
6553
5300
5019
6537
6769
3605
2299
3405
1416
9654
3983
958
9647
3100
1058
3695
9260
5966
7252
3999
3107
9555
9724
1534
1448
8787
3553
6775
9781
4363
5699
6335
9663
719
2872
2784
4324
1523
6189
2092
7530
172
3051
7177
3273
461
7225
8885
2779
4477
2885
2238
4033
2609
3772
5481
7748
7325
2257
7530
8041
4308
217
7704
5027
3089
489
9352
4613
3030
7796
8495
3203
847
5672
2828
1308
2897
1713
439
3727
4598
2678
4112
3559
6450
5945
1308
128
4554
5190
8169
8863
5407
2225
3890
4848
2714
9594
9461
2097
7391
7956
5300
4590
9981
8128
2251
9230
9841
2690
9309
792
5368
3421
703
8171
5719
8363
8299
273
3553
2820
9136
5312
5045
9379
161
4112
5325
5974
6209
9068
3931
7861
11
264
2341
2262
5846
2182
1304
5156
9326
6673
4929
30
1196
648
4745
5847
7274
8299
8667
2762
3611
3712
8493
3772
7824
3819
9747
4033
9239
30
1894
9250
6646
4235
7864
8844
2770
9169
4000
8448
2194
5282
4830
3390
2282
9576
9237
5908
4227
4256
8671
7838
7968
7164
7963
5793
7335
4062
6178
2927
444
8073
8529
3442
8660
6394
2286
7782
1915
2639
6231
461
7921
7413
203
6555
6989
5792
2464
1216
48
7487
5407
8016
4651
9722
3809
8339
3784
6340
7618
580
765
6147
4022
9425
8893
6308
3560
808
8947
9791
1269
3220
3556
1472
6128
546
3616
8592
8114
3664
6079
3521
1681
7082
9595
1842
1773
9731
8182
9391
311
8947
5539
4333
4725
4432
6994
8285
1593
2293
4428
9214
5514
7984
7039
1642
4882
655
6586
2997
4320
9017
2870
6001
6099
2466
4195
7873
2197
8730
3616
2509
7677
9155
3194
8754
9940
6540
3391
1533
8834
4171
747
700
8508
7786
8694
3390
4794
5280
2739
9114
649
5610
1467
6748
4428
5662
973
6625
4392
942
5486
8422
97
5033
3528
37
1573
6920
7922
407
7443
5022
1107
5951
2808
6153
9342
7602
1433
2081
3068
2082
4043
4535
5183
8471
6550
2508
1449
942
3450
3287
5716
9900
8320
9245
6289
9894
2517
4212
6653
9960
9234
4113
5912
8394
266
1606
2349
8052
39
5417
6486
4083
6305
8021
8906
2855
530
355
3797
332
3643
5866
6584
8315
5111
2874
4561
3980
3438
1215
3940
2672
1680
6204
7418
1946
7810
9767
6350
4202
1537
2837
4637
4194
858
3543
7049
7740
251
7198
4425
246
3064
1009
8561
4527
3883
9475
4859
7321
690
8800
6345
8722
1356
3764
7020
5519
9883
3371
9721
7772
6208
4358
1966
3418
4253
9015
7511
4504
2566
1936
1102
5630
2945
6016
6510
6829
5491
1369
502
2533
6521
6848
1255
4230
6964
8275
9749
6847
7998
5822
972
558
180
2938
3977
785
8306
1488
1642
872
9776
2744
2854
2721
8760
5716
9550
603
7086
6405
3136
9959
3253
743
4189
6569
5371
290
3416
3369
6112
740
3928
2644
3679
4257
3430
8337
2097
5072
5561
1873
7816
4767
4594
2929
484
497
3532
3922
3254
3021
3881
6507
3764
4423
3076
9135
4713
2844
2505
826
3585
2785
3470
3616
7042
3252
8305
5491
8324
3866
7364
2493
8633
8310
5422
5469
5159
5306
9391
8413
8327
9625
1272
2092
4048
700
1227
5113
3545
84
5939
3482
2869
5762
3450
6263
9014
1755
1754
3691
1973
5470
6184
606
3781
7958
6076
8940
3264
1819
3706
7944
1444
4978
36
5492
5679
7615
606
5576
7700
2897
5410
569
5011
8860
6833
378
6967
4939
4069
8940
410
6605
5898
543
915
8326
5835
531
146
9541
8475
1590
4520
4863
3435
6551
2479
393
2127
179
3290
3889
7100
4654
2749
285
5032
9716
1577
5453
8656
1987
8410
906
2530
9325
9233
8365
9856
5731
7907
8332
7321
8779
3195
7108
1682
2026
7501
161
8557
7144
4050
5658
8150
6799
2295
3182
2867
3872
4987
7875
2211
3397
8781
4741
2722
4366
9459
8930
97
3718
3614
3771
2497
3162
879
531
5188
4733
692
3746
8229
1094
5756
6379
4245
4403
5913
7112
4628
900
4987
6839
4297
120
1581
7019
4487
7392
5949
4584
1110
9564
4707
9959
9078
5587
490
4266
6672
7534
8012
4901
8628
120
7632
2873
4524
3545
6337
9152
4445
1324
5991
8742
7796
3924
2113
2283
7668
4414
3220
8778
330
7927
8737
9408
9866
5579
3675
2890
3113
8039
4143
8093
8160
1775
966
9036
1672
3655
4540
6117
4979
6883
1211
9128
7160
3324
1411
4828
7739
983
9959
8069
5263
8696
7478
1481
628
7505
4372
93
5544
8515
8187
56
6643
5505
5444
8315
9161
9984
785
492
3220
1996
9620
380
5321
7384
5208
9412
8367
5167
7481
9982
216
1311
1464
7196
5168
5836
7289
7065
703
1828
7121
3698
7334
8918
2014
2847
5254
2799
3339
8474
4795
9312
5206
6468
6696
415
5880
1415
1934
9714
1398
8502
1025
9214
5698
6194
1402
9340
3259
8457
1168
6732
2156
4854
2002
4170
7701
7257
3321
7393
2083
4468
6705
7290
937
9753
4057
3169
1168
2343
2883
8918
846
261
4484
2896
2807
5886
2236
2418
4344
9757
9150
6500
4611
7505
7022
2313
4762
6695
9706
6845
1163
2763
487
8452
2516
4544
7974
36
6888
857
5307
4086
1118
9791
6982
3925
2030
5571
6343
6374
5328
1846
9226
6291
9351
2600
4956
465
9295
4662
3662
6810
3777
4150
1615
2645
8694
9589
9034
1934
446
693
6020
7917
6836
9355
8194
8866
4926
890
1592
6606
2736
818
9249
8439
