7367
3342
6657
8313
1426
3985
8571
4672
6424
4278
4163
7139
4553
9219
499
3108
8392
3775
9508
6202
3981
2947
9093
5083
1660
6602
1759
2108
7162
9497
9463
881
9191
6121
9195
618
6458
4118
1642
2882
8397
2157
6374
9302
1377
6873
2410
6121
7000
8271
2323
7334
1218
1417
2417
2878
4371
528
1338
7885
26
802
8767
5569
3275
4314
2539
9733
8432
4181
8968
3181
6339
5342
8836
7716
8567
1246
189
1919
9517
2512
9253
7087
281
1671
6318
1004
8551
7656
8890
4929
8458
7657
499
8085
1971
9390
7819
6755
3572
3139
6289
6263
4833
1477
331
3400
2723
520
5319
8593
9384
925
2032
9666
8948
8350
670
7499
6007
5912
8781
817
3569
9280
8903
1892
8670
3074
5000
8594
2565
7641
4857
7398
9118
5188
798
8193
5708
2469
3138
5093
3394
5171
1111
8694
3521
8133
6194
5880
4046
4975
6698
3967
607
1953
2212
5629
1379
3564
576
3944
7557
5433
1342
6675
6974
8492
1220
9034
961
711
479
708
5882
1590
9402
5755
6076
1948
1636
6474
3275
4686
441
234
6639
9005
5864
4370
8921
2792
8314
6478
8225
6008
9505
1551
4500
7078
586
1813
7789
7417
2521
3671
9008
8276
9426
1436
6576
7414
7910
9852
2100
8351
6438
5091
3709
8654
5813
2630
1446
4127
5461
6024
6487
4966
7575
987
2044
4513
2801
9833
1931
1674
9856
7291
6302
5635
8727
2879
3049
6637
9083
1502
1340
5521
2945
5049
4176
8759
4032
1974
2886
9493
7998
5726
811
5574
6713
9208
87
5866
9041
8370
3893
5250
5661
195
885
4388
3074
286
1025
8509
1788
8718
383
4734
119
911
3493
4151
2885
2731
9996
884
8457
7160
2810
1523
6368
9249
7389
1761
7620
1282
7011
3281
7830
7896
7670
7256
8183
5047
5766
6323
3765
6149
1057
3885
7060
902
4388
6297
3634
737
7181
8443
7897
9991
9966
4265
5593
7356
6026
3213
4990
3038
6494
2820
7286
516
77
1821
1916
2195
8145
2033
8344
5554
5918
1756
6457
6659
4405
6443
7396
1587
4886
5293
7930
1205
5910
3523
4913
1936
3088
9903
1326
9583
9076
8613
6451
5505
6786
8367
7700
1283
401
2396
6838
2671
504
9647
5682
4909
2442
3078
2848
3680
4723
7131
4885
633
7006
9798
8922
95
6054
248
6030
1482
5213
2481
6987
2000
7201
4687
9635
3954
3435
2825
2977
3939
2472
8660
5200
1266
8090
8049
4947
2814
5180
9832
9799
2186
5983
8721
8633
8389
8970
4663
9871
535
3497
6858
8887
698
7897
8523
1004
1332
1348
3981
1623
173
2641
6823
7791
7084
1224
2738
9898
6404
8923
6049
4943
4906
4771
3576
3295
93
4592
9518
628
8089
6376
5868
8787
4273
4391
9791
1957
2091
124
3580
8616
2766
6755
6408
9850
7980
5498
6100
4384
4421
2149
5679
5679
3272
5608
5326
3365
200
4844
346
8289
7572
6214
3428
1845
6957
9571
154
9048
9695
3734
4017
8813
6842
6777
5015
4822
2275
7467
5558
3049
5969
1238
8728
9241
3198
407
8959
9750
1603
9305
8039
9176
1871
7819
7373
8828
7390
7528
4228
3437
7614
4597
2251
4456
1374
3618
9278
3650
1086
1189
6699
7055
2427
1779
6296
1977
2186
5255
1727
3790
912
6118
9318
9135
289
6691
4315
7679
571
4896
7468
8186
9493
6071
8994
868
9690
4625
870
776
5814
3921
7831
4593
5700
479
6570
4239
5735
4649
4381
2999
767
3699
8487
1056
390
2802
5087
962
7698
8907
5500
3544
4979
4494
4412
4669
9119
1634
5445
4933
5555
3276
5878
1255
3755
2448
5494
5842
7097
9875
5194
4216
3574
33
1624
317
2835
3063
7631
6886
1971
3131
430
6950
3977
4842
1619
3097
2828
3416
4382
8383
3044
261
9638
3151
9061
1485
5346
2511
7712
6892
3079
7639
6925
4704
7956
9760
7767
5587
6646
6090
5070
3428
3040
9047
4622
1011
8496
7450
779
9231
5833
3823
5844
5472
3327
4905
3309
8673
3768
1021
5565
6848
8660
2490
1552
2968
8602
5671
4907
1601
1762
9977
5029
1154
5377
9652
8518
3873
7102
9297
9456
2936
9473
5300
4760
2800
6558
8069
1473
326
5442
3390
7174
4103
5880
5078
3423
834
750
8331
2435
8864
4660
7465
18
37
3469
8536
263
571
7834
9719
3507
7307
1372
4619
6459
7930
9040
7932
8256
4483
7674
1783
4938
9906
6861
8361
740
3963
3044
3176
9179
7705
6993
9198
4094
462
4086
4357
7385
8272
429
7245
1931
1801
1864
8390
6083
905
2674
4339
1740
348
2474
3030
254
5688
7743
995
6003
788
523
5183
8493
3868
4381
8939
682
4819
3297
8067
3092
78
5312
5023
8231
3529
9766
4314
786
2440
5005
2526
2789
7480
5556
9395
3168
3299
6742
5523
439
3617
706
5284
7485
5087
4224
4519
9907
3873
2587
9351
3951
4251
4374
8534
7780
4140
2848
8566
2933
7853
7444
5722
1685
9352
1469
1205
2652
8212
6729
9443
1829
7435
4728
9315
8875
8952
3834
5134
9177
2773
4485
9480
7025
5211
8014
4805
9352
862
9724
8637
5067
7168
4359
6753
6521
5828
7958
5525
4040
4687
4968
2222
8475
6048
1537
7350
1352
1723
2484
529
849
6969
9
7874
2180
4375
9031
7884
5237
8755
6521
6657
2276
7232
3410
8797
9413
7720
674
9805
8760
5642
2027
7235
1691
9916
4585
9395
7992
7069
9925
8841
390
6286
3067
2570
662
2098
6807
2251
7206
9680
8908
5834
6913
8670
4631
6326
6391
5305
6131
5151
7299
4511
2386
5342
4427
3323
4738
8771
392
1015
7612
7134
7301
679
6056
4315
9130
2863
6567
2688
2544
1827
8522
5809
498
9505
2135
3241
1162
4618
8392
4813
5481
7130
6508
9909
453
1246
8680
7197
2261
2645
4331
5914
9676
387
230
5158
9603
3149
7846
2147
4976
2720
7956
5474
8577
6443
8715
6091
7413
3459
7257
2895
589
3765
2804
7394
1363
