5078
8999
3293
6903
873
104
2927
4428
5204
8751
4481
4398
2746
3814
2687
7073
9420
7523
8305
8715
135
807
6456
4426
4632
779
3856
3078
7638
8637
2561
2716
3988
5855
5972
4861
2311
5251
9289
7515
4002
122
8266
3101
3937
953
6526
3357
8476
4832
8424
4963
1991
1232
9389
6623
2011
9597
9701
9649
4586
8614
8718
8574
4469
1042
9787
6781
6293
5428
648
6648
5551
8914
6101
5840
6219
2627
5549
4695
7459
325
9658
9450
1557
5400
2425
3568
4997
2126
9570
5936
7093
4640
4510
1562
5682
650
4695
8327
6078
1696
4975
7981
6962
1076
173
3182
3704
5722
7877
7515
6047
3888
6966
3956
9288
5743
7525
637
7870
3447
6573
1315
8087
7436
2877
121
4438
3925
8448
516
5621
3424
4850
8935
852
5023
2117
908
7098
6347
8424
3145
235
1742
3454
5875
7485
7331
6512
1707
778
9438
3022
5217
3226
2252
1690
7664
6177
138
4532
8150
9914
9382
7085
767
4406
5555
1675
1504
1902
6451
1001
2137
8193
4455
4364
5679
1786
876
7386
8916
6666
409
485
6244
2661
2175
260
8838
2314
4793
3340
8580
527
425
5699
1285
2332
7375
2789
4234
178
143
2723
8372
950
7087
4051
9089
4316
1437
4357
982
8198
4843
3579
859
7018
3839
6049
5684
8632
5741
4265
5512
6167
9964
6797
8499
3691
5939
9086
3870
6082
1809
2242
3384
8897
2645
2473
3213
4082
6831
547
2281
8026
4126
9492
5044
7966
1894
7081
2950
7635
1346
8462
154
7662
5260
5006
1354
7551
4092
1576
3633
5901
170
3369
1150
2815
2195
4363
3249
5378
4911
5530
3404
5389
1375
8448
3355
3269
5529
6306
904
3227
1120
7411
890
2732
2417
8596
283
6509
6524
268
8762
6694
3638
9913
9509
5833
628
2758
7563
1891
4641
967
7281
2368
5767
6988
5637
7649
9646
2893
876
767
6656
8118
9851
9073
3066
135
1934
9590
6755
7049
2636
6745
3314
2145
8930
3942
1256
6493
2186
2249
7460
5819
4617
3228
2807
6606
877
8806
5851
8105
5925
2508
2576
5776
7933
5642
2263
9868
1585
9019
6917
4221
5764
231
2719
4695
525
3975
7540
2711
2576
5001
4882
3545
8229
7690
151
5458
2848
2354
9915
8773
4862
2491
4549
2796
8134
3165
9016
6071
8536
5933
292
4300
2516
3011
5347
3041
3338
2888
2105
2266
4241
6987
5811
8822
1029
2314
4280
3877
4669
4195
2650
9531
3039
3552
8679
7525
6717
7695
3596
1605
9980
3888
5905
2496
3252
7605
1890
2942
6845
3995
1561
1086
982
7372
6260
2012
9687
6892
2241
4356
1087
4892
239
478
4796
5271
8003
7865
9318
1599
9470
9299
1840
1727
8147
1444
5684
37
738
2529
4032
2299
9967
1367
9672
2579
9731
5711
9471
1972
67
6911
3216
6658
7389
4364
1929
5393
2229
7600
3344
8051
3251
1536
9779
1398
2980
5463
7788
3719
4345
8172
2370
664
5891
2042
3244
5622
7753
9067
3947
4172
5978
7163
7183
3368
1528
5464
5113
109
3064
8457
8161
6315
6346
4292
4066
9326
9755
1854
9397
452
6378
8120
7469
2270
6514
7065
7892
4268
6132
1839
4792
2111
5355
1975
1831
3235
7440
6944
3344
6856
1753
7857
9524
8099
2149
3590
3778
8257
1796
9527
5061
8174
7647
2530
6796
4162
5947
1041
4782
2080
9232
5926
543
4587
4254
2374
4174
8046
9318
7519
4902
1071
1728
4426
5523
230
4368
5653
8487
6164
5180
9900
691
9180
8783
7487
3342
4730
8528
4476
3162
7761
402
3705
8700
1008
6079
2875
9054
5397
6746
3957
2821
8474
4735
4696
5056
9104
349
3543
1620
5529
9796
2311
1061
8579
6151
4403
3309
1031
5231
6472
8792
5634
6529
3845
6642
2609
6720
2049
4358
9818
2358
7179
4644
7093
8227
9701
2549
8576
9596
4170
458
9392
2833
1519
7971
8984
2275
7633
16
7506
457
5160
9492
6986
5357
2487
5947
2077
4536
306
8247
3246
3837
2892
339
2065
2593
9241
6993
2189
3411
7451
7934
6244
5323
2257
1581
3950
6242
7949
1456
3051
3109
7301
6390
4819
6140
2337
6896
7028
2643
5144
274
2833
4388
613
4898
6981
6206
8243
5522
9617
2047
3456
2214
7370
5714
147
1320
1956
8096
9128
1360
7557
2781
7750
2376
8921
87
5625
5949
9083
7121
2575
1916
1509
9541
3166
4842
5747
1409
364
5365
3456
173
3931
7178
5887
4078
4850
4195
2174
331
1907
6083
3112
9657
8460
8386
9745
4085
4335
5180
7558
3263
7096
9067
2804
262
3909
8551
8023
625
3916
1480
798
4199
5010
3037
8277
9861
3585
6803
192
5492
2887
3304
5150
7699
1690
1247
8136
2378
6427
5694
5641
9875
1113
8445
137
1374
3348
4512
1999
3617
5992
2798
7816
1003
2187
6094
7216
5772
9249
7408
7617
8488
7064
9119
6187
5107
366
4323
7485
3145
6369
9478
3020
7482
4275
9509
8856
7623
4021
856
1240
6366
6
9057
3721
8545
1503
937
4318
7104
4697
8287
5593
1761
7406
1780
6868
7772
2456
705
917
5177
6535
289
2660
810
9798
7868
4786
3819
5076
2378
6537
5082
1435
258
3628
9290
7547
4298
2747
2244
2585
8340
4006
9991
6472
7226
4115
5280
4284
1384
458
7171
1673
3118
7982
1471
7338
9120
1642
2415
1498
8180
3849
9286
4790
7477
4928
2338
8127
7675
4582
7064
2367
4940
3407
8840
8519
7522
4120
9155
5258
930
6326
6931
400
4308
4754
7739
9780
2749
154
1279
7281
4003
6917
2071
7833
1845
4409
2312
5873
5344
9377
8240
284
2784
7080
5155
6659
7553
4310
1917
8483
637
5201
8884
1297
6307
6623
1078
9056
3129
8709
6337
7132
5626
8409
1317
3823
9170
3630
9696
4514
3007
4289
1151
2143
7721
6306
5154
5274
617
3424
110
1254
8625
5346
8903
4932
8321
9981
341
1450
5042
6678
4934
7020
1439
6252
844
6962
9882
6892
1476
9241
7533
